0,-81.045,-87.321,-79.409,-85.325,-91.921,-93.234,-104.72,-85.282,-112.87,-78.675,-79.632,-79.112,-88.444,-84.561,-85.021,-85.432,-104.54,-88.321,-85.299,-81.421,-104.69,-82.763,-100.69,-99.735,-85.239,-91.186,-84.731,-96.902,-75.226,-99.178,-92.737,-97.407,-96.065,-102.34,-93.772,-84.82,-94.477,-96.071,-85.07,-85.275,-103.21,-84.838,-83.465,-86.931,-86.105,-87.144,-100.23,-101.48,-83.087,-77.133,-82.049,-95.812,-102.26,-91.46,-96.331,-81.495,-92.237,-90.006,-106.45,-80.836,-86.685,-83.959,-78.214,-88.801,-101.37,-84.849,-107.54,-88.215,-89.782,-103.38,-103.21,-91.224,-86.879,-89.501,-87.856,-94.318,-75.632,-95.243,-101.28,-101.23,-92.979,-98.832,-84.976,-88.709,-82.526,-93.991,-94.106,-95.865,-94.54,-95.497,-77.566,-86.728,-106.81,-93.548,-96.163,-101.9,-77.079,-97.456,-89.634,-101.03,-86.874,-95.441,-86.805,-94.011,-92.495,-91.644,-130.71,-87.663,-81.645,-88.37,-92.025,-73.738,-79.528,-90.204,-86.327,-88.187,-87.36,-83.198,-90.062,-71.707,-80.622
-81.045,0,-100.8,-81.447,-92.778,-84.766,-87.324,-114.63,-83.849,-119.57,-82.945,-96.625,-77.291,-86.099,-93.718,-81.144,-87.576,-103.79,-74.061,-82.672,-82.632,-90.386,-94.886,-78.4,-85.604,-93.707,-92.549,-94.666,-98.833,-75.412,-83.101,-87.075,-89.729,-87.644,-94.536,-90.629,-89.071,-86.332,-102.23,-88.68,-86.903,-88.693,-90.796,-92.637,-81.26,-78.157,-84.199,-93.959,-97.01,-83.223,-73.45,-79.451,-87.48,-83.887,-96.064,-94.609,-91.925,-88.211,-88.899,-90.656,-74.88,-82.108,-89.762,-79.065,-84.391,-92.558,-81.982,-89.972,-80.601,-88.624,-84.868,-91.428,-86.828,-85.206,-91.847,-89.083,-85.438,-75.48,-88.655,-79.659,-119.8,-76.622,-86.624,-86.423,-93.997,-80.212,-96.386,-96.966,-90.688,-94.821,-91.346,-87.468,-103.35,-107.21,-83.5,-84.395,-108.99,-79.653,-88.668,-88.922,-91.708,-78.995,-102.44,-97.752,-89.681,-81.206,-91.551,-99.903,-90.613,-83.617,-93.428,-89.479,-86.807,-90.284,-87.361,-79.061,-81.187,-86.15,-79.72,-97.772,-78.409,-101.08
-87.321,-100.8,0,-102.91,-73.851,-78.962,-83.532,-96.522,-97.806,-95.061,-97.653,-77.983,-97.424,-90.469,-96.481,-82.081,-80.168,-82.728,-111.93,-93.482,-82.598,-104.39,-80.564,-89.971,-100.15,-104.23,-77.081,-75.424,-97.162,-83.792,-94.322,-95.598,-87.759,-117.54,-93.802,-92.372,-102.14,-91.534,-103.31,-90.422,-98.786,-102.85,-85.788,-79.525,-81.087,-84.191,-108.1,-82.986,-94.91,-104.25,-78.699,-83.48,-91.205,-90.106,-100.17,-98.771,-86.227,-83.227,-94.436,-98.99,-90.029,-113.66,-90.083,-110.17,-93.922,-98.335,-100.86,-99.372,-89.559,-96.347,-92.769,-94.464,-83.534,-100.35,-100.3,-92.138,-98.238,-84.721,-89.88,-95.225,-103.72,-101.95,-100.85,-82.395,-87.2,-82.325,-104.94,-92.374,-99.961,-113.99,-101.15,-84.222,-118.65,-103.38,-107.56,-88.273,-105.61,-91.849,-107.73,-84.405,-114.1,-102,-115.74,-87.733,-90.685,-98.751,-107.81,-118.19,-84.96,-93.762,-88.788,-83.455,-81.86,-93.139,-86.317,-98.248,-83.358,-93.893,-82.697,-98.534,-88.274,-93.147
-79.409,-81.447,-102.91,0,-104.92,-91.915,-90.707,-124.91,-82.996,-126.49,-75.492,-101.66,-77.344,-84.085,-82.745,-77.498,-87.11,-131.63,-95.195,-79.19,-80.002,-96.4,-108.19,-97.231,-91.363,-86.81,-102.66,-104.93,-100.89,-72.141,-98.49,-108.34,-95.857,-94.696,-111.51,-96.718,-79.044,-92.071,-108.46,-79.827,-84.005,-76.468,-85.184,-85.319,-91.036,-77.325,-84.32,-101.66,-102.45,-82.197,-81.944,-86.323,-94.869,-99.072,-90.433,-94.104,-98.567,-91.116,-87.049,-94.134,-80.629,-82.878,-82.978,-82.005,-90.637,-106.7,-81.333,-92.34,-106.94,-87.611,-98.43,-105.22,-93.986,-83.509,-77.128,-85.718,-92.08,-84.747,-86.676,-82.806,-128.02,-90.815,-81.062,-105.34,-91.802,-82.512,-89.053,-85.149,-112.07,-83.13,-110.96,-92.38,-88.648,-105.55,-110.24,-86.34,-101.74,-85.684,-98.713,-100.79,-96.407,-111.23,-88.33,-106.06,-89.992,-87.663,-87.885,-114.06,-85.389,-84.36,-85.938,-86.006,-88.646,-76.847,-93.391,-87.462,-79.135,-89.864,-87.34,-92.192,-82.949,-82.544
-85.325,-92.778,-73.851,-104.92,0,-78.713,-80.31,-94.119,-95.934,-88.881,-93.828,-75.089,-101.18,-92.331,-88.338,-102.55,-85.274,-92.605,-105.52,-117.11,-102.96,-103.04,-92.702,-101.43,-117.98,-92.319,-88.473,-81.228,-98.692,-88.609,-105.52,-92.104,-108.04,-115.43,-100.49,-90.448,-92.547,-86.271,-99.032,-106.09,-100.95,-104.71,-84.179,-84.52,-83.057,-78.601,-95.191,-83.364,-91.756,-103.19,-90.524,-93.789,-86.024,-104.23,-85.815,-103.48,-102.59,-100.75,-99.549,-90.995,-93.675,-79.311,-86.252,-94.711,-79.661,-96.305,-112.63,-87.543,-86.354,-88.74,-94.15,-103.07,-85.481,-102.4,-86.154,-88.596,-81.804,-76.612,-84.008,-114.64,-94.725,-95.233,-86.773,-84.69,-92.202,-86.891,-92.727,-85.943,-103.18,-88.49,-94.734,-86.228,-107.18,-91.832,-102.56,-101.58,-81.96,-73.516,-92.319,-81.529,-96.12,-94.559,-106.45,-98.425,-82.473,-87.786,-96.637,-98.005,-78.905,-93.96,-74.963,-92.681,-88.041,-82.519,-80.896,-89.353,-88.495,-86.492,-84.787,-89.838,-89.573,-87.878
-91.921,-84.766,-78.962,-91.915,-78.713,0,-102.5,-96.092,-83.714,-86.832,-98.962,-86.338,-92.342,-85.561,-87.985,-83.284,-80.632,-91.966,-81.465,-86.989,-86.961,-100.37,-86.518,-80.928,-89.705,-76.019,-78.891,-90.414,-90.415,-75.849,-87.841,-80.227,-83.694,-92.118,-82.615,-80.758,-76.508,-79.725,-89.967,-90.719,-89.43,-99.779,-81.43,-90.891,-80.494,-78.609,-78.083,-80.801,-80.332,-93.665,-73.662,-71.289,-86.367,-95.737,-91.66,-85.857,-96.467,-90.884,-84.611,-94.095,-88.925,-75.498,-93.989,-82.084,-80.837,-80.112,-84.282,-82.682,-83.836,-94.657,-89.273,-97.832,-82.665,-87.374,-89.448,-81.142,-79.306,-71.819,-84.346,-94.744,-88.418,-86.59,-78.191,-75.199,-87.22,-82.061,-88.332,-89.289,-99.951,-78.974,-84.995,-92.235,-92.042,-81.87,-81.946,-94.94,-84.48,-77.201,-79.031,-76.952,-81.963,-72.105,-103.93,-90.448,-85.602,-74.367,-97.11,-89.16,-75.581,-76.011,-74.058,-83.521,-81.283,-83.998,-78.446,-80.876,-80.286,-79.673,-78.502,-78.685,-85.25,-79.043
-93.234,-87.324,-83.532,-90.707,-80.31,-102.5,0,-82.924,-82.001,-90.714,-92.258,-88.282,-106.22,-94.458,-80.768,-102.91,-90.698,-104.88,-86.204,-105.4,-104.61,-105.51,-99.287,-90.584,-85.731,-98.495,-77.175,-84.193,-79.245,-78.424,-113.99,-97.586,-86.02,-85.508,-89.246,-110.3,-78.15,-93.344,-86.298,-89.54,-85.204,-103.45,-78.856,-71.934,-78.469,-82.85,-88.118,-86.675,-87.475,-89.554,-100.97,-80.514,-91.773,-88.269,-85.073,-92.566,-111.64,-91.941,-87.663,-108.44,-87.158,-100.22,-103.95,-107.86,-99.819,-92.287,-89.121,-85.773,-96.523,-80.096,-87.873,-91.001,-71.048,-84.845,-85.05,-76.65,-91.116,-84.792,-100.04,-88.415,-88.421,-82.221,-94.496,-83.278,-106.12,-78.359,-88.721,-81.485,-102.82,-99.981,-76.829,-110.4,-97.137,-98.717,-87.868,-77.172,-88.654,-84.322,-93.814,-84.409,-92.594,-84.779,-92.781,-111.85,-91.79,-103.41,-85.585,-91.976,-82.414,-92.167,-81.888,-104.19,-94.407,-90.225,-89.02,-94.476,-84.459,-84.297,-83.286,-99.638,-96.299,-91.465
-104.72,-114.63,-96.522,-124.91,-94.119,-96.092,-82.924,0,-100.74,-77.158,-122.98,-96,-112.75,-82.494,-103.83,-89.733,-93.311,-113.23,-98.249,-116.79,-108.76,-81.768,-114.37,-97.199,-87.318,-97.934,-115.15,-100.03,-93.292,-87.802,-108.19,-90.358,-90.756,-91.356,-78.089,-91.659,-86.594,-95.982,-100.39,-105.56,-99.851,-125.21,-82.467,-82.89,-82.661,-103.24,-95.095,-88.8,-94.566,-103.85,-97.008,-101.55,-100.01,-100.38,-89.089,-93.525,-102.44,-88.779,-104.11,-95.669,-95.268,-86.122,-122.69,-80.216,-101.89,-82.442,-106.44,-87.204,-114.38,-86.891,-106.16,-106.11,-90.421,-97.508,-104.02,-89.907,-98.912,-101.46,-96.511,-92.612,-92.435,-93.402,-105.47,-96.199,-104.6,-83.568,-101.83,-100.63,-96.455,-100.46,-97.797,-125.17,-95.242,-112.43,-89.122,-93.251,-87.405,-88.396,-97.512,-95.508,-114.66,-96.569,-88.689,-102.19,-90.791,-102.16,-93.288,-107.41,-102.09,-91.83,-94.93,-92.366,-89.033,-85.474,-90.757,-108.13,-95.95,-94.704,-100.05,-101.75,-101.35,-98.252
-85.282,-83.849,-97.806,-82.996,-95.934,-83.714,-82.001,-100.74,0,-118.05,-75.47,-99.388,-75.86,-77.937,-100.04,-83.95,-89.766,-118.63,-84.289,-86.328,-87.252,-95.483,-94.581,-92.041,-94.943,-80.052,-84.343,-95.074,-95.3,-90.088,-80.829,-96.157,-81.801,-86.859,-90.987,-85.349,-93.694,-84.468,-89.994,-88.827,-84.902,-79.731,-87.246,-84.783,-87.163,-95.389,-85.778,-107.85,-103.34,-84.651,-95.819,-79.564,-99.253,-98.851,-99.199,-103.44,-107.13,-87.367,-75.056,-117.83,-87.504,-86.406,-90.991,-85.09,-82.976,-109.11,-94.948,-95.85,-84.254,-88.472,-89.502,-82.885,-92.263,-86.094,-77.88,-93.468,-89.08,-89.325,-90.285,-81.452,-111.66,-92.57,-81.801,-88.207,-100.81,-84.509,-111.16,-83.677,-99.204,-88.447,-99.608,-93.937,-93.924,-117.15,-106.91,-84.279,-102.91,-84.776,-93.636,-97.754,-79.958,-90.686,-91.611,-106.77,-86.22,-85.425,-92.008,-102.56,-78.755,-89.079,-84.003,-92.286,-103.58,-96.98,-86.593,-83.757,-85.429,-82.483,-87.806,-88.774,-92.784,-88.256
-112.87,-119.57,-95.061,-126.49,-88.881,-86.832,-90.714,-77.158,-118.05,0,-97.92,-88.607,-107.96,-96.331,-94.031,-86.682,-86.225,-112.04,-83.929,-94.428,-93.848,-83.609,-93.984,-94.377,-89.426,-104.28,-82.622,-77.705,-82.732,-80.419,-88.701,-89.722,-83.473,-88.976,-83.578,-100.81,-78.525,-93.683,-94.377,-94.22,-91.914,-107.66,-86.025,-90.703,-74.858,-86.734,-93.991,-88.15,-89.237,-123.52,-82.134,-92.657,-94.578,-99.827,-86.567,-82.549,-79.337,-74.435,-85.763,-95.925,-97.962,-76.755,-96.173,-86.616,-90.961,-73.762,-114.25,-81.006,-130.9,-85.497,-82.203,-93.308,-86.505,-97.868,-123.53,-85.413,-99.061,-91.616,-95.267,-82.46,-96.9,-92.194,-94.447,-86.154,-100.85,-80.997,-88.109,-95.088,-84.822,-94.419,-90.838,-102.92,-129.94,-104.52,-83.5,-86.497,-92.896,-90.27,-92.452,-81.819,-86.724,-89.847,-98.771,-95.596,-85.534,-93.078,-97.411,-98.293,-91.802,-94.6,-84.059,-79.158,-76.057,-94.35,-84.016,-98.563,-85.268,-90.45,-87.37,-96.186,-94.784,-86.923
-78.675,-82.945,-97.653,-75.492,-93.828,-98.962,-92.258,-122.98,-75.47,-97.92,0,-85.574,-80.337,-85.456,-81.554,-82.257,-86.691,-88.762,-91.78,-76.056,-80.349,-83.049,-95.031,-105.45,-92.029,-83.944,-79.247,-94.75,-90.119,-78.177,-86.023,-92.733,-78.406,-95.784,-88.472,-87.849,-78.548,-87.828,-83.14,-99.774,-87.086,-96.448,-87.534,-86.19,-93.367,-83.068,-86.079,-111.22,-96.636,-100.07,-95.723,-86.301,-92.786,-98.024,-100.31,-91.57,-82.018,-94.142,-90.044,-109.4,-85.359,-83.282,-91.506,-73.752,-76.774,-90.982,-95.239,-87.143,-77.231,-86.232,-94.116,-93.878,-95.761,-87.999,-78.532,-90.884,-82.164,-82.86,-85.579,-89.347,-96.334,-100.1,-90.115,-91.351,-93.928,-84.539,-85.282,-75.794,-97.452,-78.063,-95.443,-92.275,-86.23,-102.17,-102.16,-72.986,-93.023,-80.066,-95.166,-89.503,-84.141,-91.947,-78.242,-84.255,-88.855,-85.759,-76.325,-102.82,-84.523,-81.68,-87.809,-89.833,-90.632,-70.878,-96.773,-94.046,-78.843,-87.187,-90.881,-87.935,-92.041,-84.668
-79.632,-96.625,-77.983,-101.66,-75.089,-86.338,-88.282,-96,-99.388,-88.607,-85.574,0,-88.853,-91.76,-98.963,-109.25,-95.534,-84.125,-112.15,-91.025,-98.061,-88.84,-77.86,-88.542,-90.033,-98.631,-89.977,-77.182,-104.44,-81.05,-100.14,-95.433,-94.335,-100.77,-97.234,-99.288,-97.918,-90.021,-99.026,-99.309,-93.365,-106.92,-85.742,-88.465,-98.125,-79.169,-91.732,-94.968,-96.808,-103.04,-89.171,-92.661,-87.28,-85.873,-101.44,-97.513,-86.31,-96.415,-91.591,-99.668,-93.659,-82.168,-87.787,-100.8,-84.475,-96.893,-77.3,-85.87,-93.58,-100.98,-99.211,-94.63,-85.832,-95.994,-97.858,-99.478,-82.229,-88.149,-98.804,-97.366,-96.826,-92.485,-86.328,-87.64,-78.8,-82.245,-92.22,-85.961,-100.83,-84.799,-101.72,-80.546,-100.07,-98.089,-96.78,-100.08,-88.708,-90.734,-101.65,-85.366,-95.239,-93.299,-97.353,-82.999,-88.295,-103.92,-91.26,-103.29,-81.173,-87.252,-80.203,-88.736,-84.385,-85.298,-97.801,-84.973,-76.578,-86.11,-85.666,-91.389,-80.099,-85.095
-79.112,-77.291,-97.424,-77.344,-101.18,-92.342,-106.22,-112.75,-75.86,-107.96,-80.337,-88.853,0,-87.156,-89.001,-77.897,-89.387,-95.769,-104.27,-86.615,-75.084,-104.47,-85.965,-80.117,-112.47,-78.583,-83.656,-93.584,-110.41,-82.739,-101.79,-89.388,-106.15,-108.33,-111.98,-96.997,-96.581,-89.072,-95.391,-88.777,-96.676,-86.167,-86.816,-88.492,-101.93,-77.109,-86.632,-96.997,-102.52,-82.9,-88.729,-84.793,-101.98,-94.14,-90.411,-98.15,-96.434,-83.79,-100.93,-96.323,-90.757,-81.551,-80.754,-78.896,-81.581,-111.48,-77.237,-89.024,-74.8,-92.126,-105.87,-107.47,-89.769,-91.01,-88.994,-86.859,-84.546,-76.379,-109.64,-88.584,-114.13,-89.907,-82.164,-92.937,-77.372,-81.832,-93.641,-101.3,-100.83,-82.629,-91.992,-74.155,-78.011,-102.24,-88.669,-100.45,-101.17,-81.65,-90.25,-88.96,-97.659,-83.743,-90.784,-111.83,-88.936,-93.904,-87.057,-107.53,-80.677,-94.655,-83.556,-84.981,-82.365,-81.486,-90.485,-87.248,-81.209,-88.253,-90.957,-88.815,-77.828,-76.994
-88.444,-86.099,-90.469,-84.085,-92.331,-85.561,-94.458,-82.494,-77.937,-96.331,-85.456,-91.76,-87.156,0,-83.809,-91.378,-76.531,-91.067,-83.599,-87.661,-92.076,-79.479,-91.123,-91.678,-87.926,-76.416,-86.661,-91.243,-85.963,-81.9,-84.053,-73.875,-92.263,-109.19,-82.591,-79.97,-83.977,-76.027,-80.132,-87.216,-90.78,-89.532,-71.162,-92.053,-81.016,-82.636,-85.757,-77.347,-76.861,-83.635,-80.787,-70.31,-94.791,-88.49,-88.785,-92.152,-99.1,-81.321,-80.814,-90.353,-81.398,-74.244,-82.468,-80.488,-78.238,-82.793,-82.201,-89.545,-84.784,-89.725,-80.056,-84.35,-81.928,-76.153,-85.813,-79.041,-80.242,-82.101,-82.019,-79.899,-90.184,-86.539,-80.138,-75.144,-87.357,-87.365,-86.039,-74.126,-87.989,-74.112,-93.735,-84.131,-86.621,-80.51,-78.57,-86.96,-89.722,-78.402,-83.785,-77.746,-80.333,-78.852,-78.964,-76.06,-76.395,-75.225,-76.658,-82.791,-78.069,-94.289,-70.201,-91.944,-92.845,-89.673,-76.425,-80.429,-80.671,-78.577,-80.182,-73.226,-85.39,-75.18
-84.561,-93.718,-96.481,-82.745,-88.338,-87.985,-80.768,-103.83,-100.04,-94.031,-81.554,-98.963,-89.001,-83.809,0,-79.221,-95.062,-84.005,-80.826,-83.282,-77.651,-83.809,-81.29,-86.588,-76.193,-71.295,-86.56,-96.068,-81.326,-87.868,-84.567,-84.116,-71.8,-88.029,-80.988,-75.565,-80.007,-75.595,-78.495,-101.11,-86.393,-98.562,-89.603,-94.332,-86.087,-77.619,-77.576,-87.885,-77.11,-90.525,-87.514,-85.934,-86.364,-85.85,-94.168,-91.794,-82.853,-88.952,-84.838,-92.016,-89.58,-70.831,-82.745,-72.763,-74.086,-82.179,-79.836,-84.529,-81.367,-89.38,-84.208,-81.443,-76.619,-82.153,-79.293,-81.549,-79.453,-91.328,-81.296,-78.122,-72.376,-96.869,-78.621,-92.608,-72.084,-89.9,-87.601,-86.14,-101.72,-80.78,-99.535,-82.943,-74.58,-95.647,-79.368,-76.331,-94.607,-86.344,-88.072,-82.48,-82.322,-92.149,-73.866,-73.578,-90.109,-87.41,-75.209,-84.781,-85.886,-91.926,-80.46,-88.936,-82.552,-87.897,-85.522,-94.076,-78.06,-83.227,-86.751,-94.005,-85.619,-93.327
-85.021,-81.144,-82.081,-77.498,-102.55,-83.284,-102.91,-89.733,-83.95,-86.682,-82.257,-109.25,-77.897,-91.378,-79.221,0,-73.352,-95.372,-89.347,-78.996,-93.801,-102.11,-86.253,-73.651,-80.993,-92.594,-81.127,-89.237,-87.061,-74.458,-86.383,-91.068,-88.219,-97.036,-90.393,-109.88,-85.202,-89.93,-93.709,-77.435,-77.083,-93.221,-84.62,-92.584,-106.61,-79.429,-88.253,-89.674,-91.199,-92.368,-94.63,-92.871,-93.815,-90.141,-91.816,-93.652,-84.928,-88.087,-94.816,-96.909,-97.96,-82.619,-79.697,-85.152,-92.623,-87.761,-77.023,-91.962,-95.359,-89.404,-91.199,-92.075,-94.739,-98.893,-90.067,-90.238,-86.782,-91.399,-97.128,-90.323,-102.75,-99.73,-78.309,-86.575,-84.159,-95.087,-98.567,-85.842,-106.71,-90.826,-97.198,-82.468,-95.066,-91.377,-86.084,-83.312,-93.705,-94.849,-95.273,-95.807,-96.865,-94.35,-72.345,-75.734,-85.091,-91.286,-81.957,-92.258,-80.827,-109.26,-91.585,-98.602,-106.69,-92.882,-83.725,-93.287,-96.702,-84.892,-93.248,-80.244,-94.789,-93.021
-85.432,-87.576,-80.168,-87.11,-85.274,-80.632,-90.698,-93.311,-89.766,-86.225,-86.691,-95.534,-89.387,-76.531,-95.062,-73.352,0,-95.038,-87.349,-77.69,-81.299,-103.77,-81.562,-83.296,-92.911,-87.346,-85.2,-84.601,-93.083,-77.145,-85.132,-82.586,-91.111,-103.52,-86.862,-85.49,-87.783,-81.897,-89.411,-79.491,-96.066,-89.191,-82.985,-85.875,-86.282,-81.431,-93.667,-79.234,-84.365,-79.232,-87.183,-88.06,-85.9,-85.879,-88.726,-91.583,-95.821,-79.133,-89.162,-86.79,-83.196,-83.163,-86.254,-89.833,-81.831,-83.508,-76.7,-93.117,-102.92,-100.14,-88.037,-86.285,-84.34,-83.3,-82.707,-90.063,-78.77,-80.847,-98.669,-96.542,-86.455,-95.933,-81.914,-80.913,-79.305,-83.543,-97.229,-90.176,-92.436,-90.163,-89.986,-88.676,-89.131,-80.959,-80.954,-92.2,-92.113,-78.86,-90.717,-77.486,-86.971,-85.935,-86.576,-85.177,-85.181,-86.036,-79.226,-90.244,-76.168,-94.899,-80.946,-95.671,-100.16,-94.58,-79.856,-86.433,-79.456,-83.654,-79.605,-80.476,-93.667,-78.613
-104.54,-103.79,-82.728,-131.63,-92.605,-91.966,-104.88,-113.23,-118.63,-112.04,-88.762,-84.125,-95.769,-91.067,-84.005,-95.372,-95.038,0,-104.41,-94.125,-92.803,-112.13,-92.65,-97.219,-100.8,-106.39,-92.066,-74.404,-102.67,-78.754,-107.33,-109.86,-103.09,-91.533,-110.54,-97.927,-94.708,-93.392,-108.67,-93.654,-94.797,-100.65,-96.671,-103.6,-81.249,-97.889,-105.75,-98.187,-102.73,-119.19,-84.127,-80.791,-97.131,-92.542,-83.057,-91.478,-93.858,-82.987,-96.681,-97.41,-86.491,-88.391,-98.766,-100.81,-103.16,-109.91,-108.32,-93.039,-86.845,-93.182,-104.6,-112.44,-96.751,-88.773,-100.74,-81.271,-93.797,-89.043,-86.606,-111.9,-104.28,-92.886,-95.622,-83.728,-106.62,-91.8,-98.177,-87.409,-106.04,-103.59,-86.028,-78.221,-96.282,-119.13,-112.9,-109.53,-93.523,-86.167,-92.407,-92.22,-103.33,-87.972,-101.4,-96.049,-103.27,-88.906,-115.19,-94.725,-85.951,-89.595,-87.949,-86.153,-74.703,-89.421,-86.982,-105.35,-77.455,-92.838,-80.723,-86.145,-73.323,-86.849
-88.321,-74.061,-111.93,-95.195,-105.52,-81.465,-86.204,-98.249,-84.289,-83.929,-91.78,-112.15,-104.27,-83.599,-80.826,-89.347,-87.349,-104.41,0,-86.532,-85.022,-79.181,-86.702,-96.448,-76.347,-76.359,-80.331,-92.957,-98.927,-84.571,-102.76,-82.421,-99.618,-91.359,-78.128,-93.347,-77.857,-93.609,-90.57,-95.336,-90.742,-92.812,-82.141,-94.202,-91.528,-102.73,-97.812,-90.388,-93.853,-77.108,-93.309,-94.461,-82.477,-72.846,-86.801,-96.387,-84.045,-96.459,-100.98,-87.746,-102.59,-89.43,-106.59,-88.643,-91.121,-82.488,-82.868,-78.473,-77.879,-92.193,-103.9,-104.74,-90.899,-90.911,-74.347,-100.37,-73.533,-107.58,-86.434,-90.38,-88.468,-90.755,-91.179,-113.45,-107.63,-79.322,-100.72,-72.584,-91.145,-105.02,-92.076,-94.636,-74.479,-113.5,-88.636,-80.412,-79.583,-87.525,-103.82,-91.128,-99.708,-91.242,-92.591,-81.436,-87.039,-102.28,-82.079,-89.665,-99.871,-88.347,-111.72,-87.942,-97.199,-94.828,-101.32,-98.85,-92.112,-95.483,-91.485,-98.978,-87.678,-98.374
-85.299,-82.672,-93.482,-79.19,-117.11,-86.989,-105.4,-116.79,-86.328,-94.428,-76.056,-91.025,-86.615,-87.661,-83.282,-78.996,-77.69,-94.125,-86.532,0,-87.555,-84.546,-96.271,-89.465,-81.261,-86.748,-79.185,-115.73,-109.13,-80.578,-107.92,-82.411,-97.092,-99.686,-96.399,-91.602,-77.004,-82.829,-86.562,-79.866,-91.978,-91.514,-99.848,-74.135,-99.453,-84.516,-96.448,-85.681,-92.508,-86.641,-105.19,-95.933,-89.438,-102.2,-96.215,-101.2,-96.016,-97.316,-92.725,-93.166,-93.87,-78.008,-88.21,-101.23,-85.106,-101.18,-86.957,-93.244,-90.834,-86.623,-105.8,-108.25,-82.266,-87.104,-83.854,-88.626,-89.079,-98.95,-101.61,-98.574,-92.963,-109.03,-91.963,-81.399,-93.724,-97.125,-92.555,-98.04,-94.491,-90.363,-107.61,-92.322,-92.876,-99.248,-90.493,-95.839,-99.636,-81.593,-97.741,-81.046,-107.2,-89.98,-86.367,-83.522,-78.239,-80.029,-84.023,-103.38,-80.134,-118.2,-91.7,-100.3,-124.08,-91.382,-77.453,-93.178,-85.628,-84.098,-85.025,-84.278,-87.571,-78.658
-81.421,-82.632,-82.598,-80.002,-102.96,-86.961,-104.61,-108.76,-87.252,-93.848,-80.349,-98.061,-75.084,-92.076,-77.651,-93.801,-81.299,-92.803,-85.022,-87.555,0,-96.443,-91.401,-99.072,-85.067,-83.507,-98.528,-107.03,-104.54,-84.629,-100.45,-90.547,-103.46,-104.62,-109.09,-110.34,-87.554,-88.456,-111.79,-88.813,-90.598,-87.781,-85.3,-86.356,-86.497,-87.955,-90.206,-101.6,-112.04,-80.792,-81.503,-89.138,-101.25,-92.056,-90.201,-95.232,-90.602,-83.017,-98.04,-103,-84.201,-88.843,-102.19,-93.497,-81.875,-107.44,-81.771,-99.387,-78.876,-92.162,-115.95,-106.09,-91.992,-91.272,-81.546,-87.336,-95.687,-81.712,-104.19,-91.058,-92.291,-88.328,-85.945,-91.293,-74.731,-88.905,-98.291,-100.16,-92.619,-98.196,-88.816,-88.4,-80.735,-119.3,-104.14,-104.47,-98.392,-84.701,-95.21,-86.843,-99.924,-85.512,-112.6,-103.53,-92.401,-95.736,-110.47,-113.7,-92.138,-88.751,-89.461,-83.926,-78.788,-103.59,-90.374,-100.42,-91.132,-92.283,-80.436,-91.175,-80.405,-81.294
-104.69,-90.386,-104.39,-96.4,-103.04,-100.37,-105.51,-81.768,-95.483,-83.609,-83.049,-88.84,-104.47,-79.479,-83.809,-102.11,-103.77,-112.13,-79.181,-84.546,-96.443,0,-105.93,-100.93,-77.044,-73.743,-86.035,-105.4,-98.461,-79.174,-97.131,-77.85,-93.97,-115.48,-74.909,-81.681,-74.279,-86.04,-94.699,-91.461,-109.95,-93.689,-81.93,-90.463,-74.955,-90.221,-79.574,-94.089,-89.558,-85.325,-76.5,-85.469,-90.181,-94.032,-97.021,-90.906,-80.433,-82.645,-87.741,-91.937,-89.992,-87.678,-105.9,-75.125,-88.227,-73.353,-95.472,-83.411,-109.76,-83.488,-106.68,-106.28,-82.571,-93.523,-91.443,-89.581,-83.515,-87.88,-80.986,-84.45,-96.549,-79.644,-97.026,-95.765,-99.173,-84.086,-84.567,-84.986,-97.546,-91.951,-96.287,-103.22,-75.864,-99.758,-91.01,-72.666,-94.148,-87.792,-85.986,-83.965,-94.29,-81.36,-81.525,-89.72,-88.063,-103.3,-86.97,-90.844,-98.728,-96.335,-83.604,-92.574,-91.937,-87.782,-89.546,-98.536,-89.713,-94.064,-89.848,-103.7,-88.648,-92.956
-82.763,-94.886,-80.564,-108.19,-92.702,-86.518,-99.287,-114.37,-94.581,-93.984,-95.031,-77.86,-85.965,-91.123,-81.29,-86.253,-81.562,-92.65,-86.702,-96.271,-91.401,-105.93,0,-80.541,-117.03,-87.856,-86.929,-74.847,-96.135,-87.586,-87.353,-94.949,-90.578,-102.85,-116.34,-100.51,-98.832,-89.219,-116.24,-102.1,-94.353,-100.56,-90.779,-82.407,-92.014,-89.799,-93.644,-92.481,-101.96,-108.75,-83.622,-88.045,-91.99,-90.833,-88.158,-95.146,-82.312,-82.191,-91.806,-96.016,-93.878,-97.088,-98.093,-111.4,-87.695,-109.73,-90.608,-112.14,-84.072,-101.81,-111.21,-99.32,-82.259,-104.05,-107.78,-86.782,-99.818,-78.255,-82.426,-97.097,-105.4,-99.655,-98.124,-77.091,-78.716,-83.401,-101.51,-89.677,-95.71,-95.86,-85.534,-77.273,-88.519,-116.1,-100.78,-100.69,-101.15,-82.921,-114.71,-71.471,-101.51,-96.436,-96.439,-94.175,-89.435,-93.814,-112.69,-120.22,-87.36,-93.992,-83.925,-78.692,-87.694,-91.954,-74.97,-97.441,-79.621,-80.858,-80.283,-89.25,-83.801,-77.151
-100.69,-78.4,-89.971,-97.231,-101.43,-80.928,-90.584,-97.199,-92.041,-94.377,-105.45,-88.542,-80.117,-91.678,-86.588,-73.651,-83.296,-97.219,-96.448,-89.465,-99.072,-100.93,-80.541,0,-86.033,-94.048,-90.547,-101.81,-108.69,-82.376,-84.502,-90.104,-81.159,-98.192,-101,-103.4,-95.139,-98.68,-97.244,-80.537,-78.241,-99.348,-82.554,-99.773,-102.06,-93.656,-92.31,-91.134,-99.601,-98.837,-102.85,-84.19,-91.377,-99.088,-89.644,-90.761,-101.65,-87.419,-98.875,-88.318,-94.548,-95.415,-81.93,-96.436,-100.07,-107.78,-75.071,-93.928,-86.803,-85.246,-104.75,-103.71,-89.491,-85.96,-81.984,-88.621,-100.1,-88.592,-95.64,-85.758,-93.722,-90.156,-82.333,-84.891,-80.183,-81.45,-94.726,-82.497,-91.069,-97.194,-88.221,-89.656,-93.93,-99.179,-81.924,-89.795,-116.89,-97.165,-89.574,-80.934,-96.446,-92.207,-80.858,-80.59,-98.482,-90.661,-93.032,-96.199,-77.413,-97.241,-91.354,-90.099,-92.177,-107.4,-77.48,-100.71,-85.588,-84.279,-94.677,-74.437,-91.552,-77.697
-99.735,-85.604,-100.15,-91.363,-117.98,-89.705,-85.731,-87.318,-94.943,-89.426,-92.029,-90.033,-112.47,-87.926,-76.193,-80.993,-92.911,-100.8,-76.347,-81.261,-85.067,-77.044,-117.03,-86.033,0,-75.153,-92.235,-93.688,-91.566,-86.596,-92.225,-77.744,-90.831,-95.366,-79.77,-86.59,-75.81,-86.095,-76.757,-81.113,-76.083,-102.25,-88.107,-102.49,-91.912,-91.54,-78.81,-82.78,-81.975,-90.697,-88.215,-90.559,-90.666,-82.412,-89.368,-88.644,-84.823,-91.503,-80.307,-94.913,-102.24,-78.288,-96.627,-85.556,-83.672,-74.962,-107.98,-79.603,-88.187,-93.843,-90.82,-103.8,-93.674,-87.67,-79.091,-97.919,-81.995,-99.148,-91.189,-83.164,-90.865,-87.512,-87.987,-94.672,-110.87,-77.605,-90.236,-71.579,-107.04,-89.814,-93.75,-109,-82.718,-109.71,-90.822,-78.137,-90.554,-86.507,-92.089,-89.492,-91.998,-96.013,-81.753,-76.333,-76.334,-97.695,-87.446,-98.398,-88.828,-92.684,-95.816,-101.47,-100.64,-89.216,-84.693,-94.514,-90.502,-91.328,-104.85,-103.14,-104.82,-95.282
-85.239,-93.707,-104.23,-86.81,-92.319,-76.019,-98.495,-97.934,-80.052,-104.28,-83.944,-98.631,-78.583,-76.416,-71.295,-92.594,-87.346,-106.39,-76.359,-86.748,-83.507,-73.743,-87.856,-94.048,-75.153,0,-85.284,-91.778,-107.61,-95.931,-98.918,-82.357,-103.01,-92.522,-97.739,-74.65,-76.339,-77.984,-90.326,-85.294,-76.721,-82.625,-97.551,-87.753,-81.205,-105.64,-75.768,-83.82,-82.747,-73.146,-87.374,-94.352,-86.994,-75.457,-89.33,-85.379,-111.04,-85.348,-77.725,-89.322,-98.666,-91.788,-86.477,-83.614,-77.546,-81.961,-80.292,-89.261,-78.623,-81.927,-86.547,-112.58,-86.493,-82.54,-74.623,-93.396,-88.613,-103.9,-84.551,-100.2,-107.52,-85.22,-96.407,-102.94,-98.067,-77.942,-86.475,-72.113,-80.749,-90.485,-92.92,-97.992,-80.18,-120.18,-92.173,-83.422,-74.138,-86.331,-88.527,-93.706,-90.958,-94.442,-86.179,-83.874,-99.744,-105.74,-86.252,-92.701,-103.49,-77.729,-100.21,-80.709,-83.73,-84.502,-106.73,-93.288,-89.484,-97.957,-92.483,-104.56,-94.415,-96.987
-91.186,-92.549,-77.081,-102.66,-88.473,-78.891,-77.175,-115.15,-84.343,-82.622,-79.247,-89.977,-83.656,-86.661,-86.56,-81.127,-85.2,-92.066,-80.331,-79.185,-98.528,-86.035,-86.929,-90.547,-92.235,-85.284,0,-82.363,-76.061,-76.025,-80.288,-94.213,-80.615,-91.48,-85.912,-88.26,-79.756,-88.451,-85.571,-81.415,-93.783,-92.766,-81.576,-81.309,-85.035,-84.079,-88.244,-91.435,-93.152,-92.147,-84.368,-86.695,-92.675,-82.761,-92.252,-89.095,-81.202,-86.495,-97.657,-88.973,-89.001,-79.241,-86.306,-80.576,-78.143,-93.786,-85.466,-88.603,-83.881,-86.045,-92.346,-81.153,-87.968,-92.902,-84.756,-105.06,-80.772,-99.042,-88.11,-83.728,-82.205,-93.476,-78.334,-86.174,-80.076,-89.658,-88.435,-93.95,-98.021,-81.394,-94.529,-78.764,-92.603,-93.869,-85.84,-77.75,-98.702,-88.011,-88.157,-93.084,-79.079,-92.545,-81.013,-87.274,-85.107,-79.907,-76.527,-83.815,-76.58,-94.607,-83.417,-93.009,-112.11,-84.058,-85.707,-80.484,-76.916,-81.787,-76.758,-81.834,-87.278,-78.261
-84.731,-94.666,-75.424,-104.93,-81.228,-90.414,-84.193,-100.03,-95.074,-77.705,-94.75,-77.182,-93.584,-91.243,-96.068,-89.237,-84.601,-74.404,-92.957,-115.73,-107.03,-105.4,-74.847,-101.81,-93.688,-91.778,-82.363,0,-80.186,-83.772,-107.07,-92.976,-86.622,-94.93,-113.05,-101.06,-88.269,-96.695,-99.202,-98.644,-96.48,-94.359,-87.045,-100.47,-87.828,-81.305,-93.18,-90.24,-104.2,-102.91,-90.205,-86.605,-91.901,-92.86,-85.734,-96.346,-92.491,-96.571,-105.15,-93.409,-96.021,-93.106,-87.826,-107.4,-91.243,-100.23,-98.889,-89.696,-110.21,-99.858,-97.312,-101.39,-95.415,-93.725,-93.754,-100.81,-93.377,-90.573,-98.769,-90.538,-81.213,-87.138,-100.11,-88.579,-88.47,-85.842,-97.631,-100.06,-102.53,-102.7,-92.678,-78.939,-105.15,-96.971,-87.646,-98.573,-86.525,-92.593,-97.009,-90.55,-98.146,-94.769,-100.65,-89.573,-98.859,-101.2,-98.246,-84.108,-89.504,-93.335,-86.36,-87.153,-78.91,-88.49,-92.515,-95.203,-93.537,-88.802,-95.116,-91.648,-77.204,-82.997
-96.902,-98.833,-97.162,-100.89,-98.692,-90.415,-79.245,-93.292,-95.3,-82.732,-90.119,-104.44,-110.41,-85.963,-81.326,-87.061,-93.083,-102.67,-98.927,-109.13,-104.54,-98.461,-96.135,-108.69,-91.566,-107.61,-76.061,-80.186,0,-87.949,-87.326,-95.097,-76.29,-91.788,-86.813,-93.637,-93.259,-95.823,-81.417,-95.731,-91.735,-102.65,-97.58,-88.271,-96.897,-86.608,-94.797,-88.958,-92.824,-101.34,-94.577,-87.599,-89.45,-89.416,-83.615,-87.13,-114.78,-100.18,-96.41,-85.643,-98.813,-86.278,-109.29,-89.059,-92.06,-94.079,-112.28,-73.564,-103.17,-100.9,-92.998,-108.24,-94.333,-91.642,-83.824,-86.776,-76.628,-115.65,-101.67,-90.054,-90.122,-99.045,-87.411,-89.182,-114.13,-78.911,-102.42,-91.264,-96.767,-85.05,-82.049,-118.55,-104.99,-106.3,-88.278,-80.63,-90.891,-92.101,-103.7,-90.375,-85.884,-96.443,-85.892,-99.935,-97.907,-94.76,-89.736,-93.368,-89.357,-97.176,-89.368,-98.241,-98.007,-105.65,-94.732,-86.514,-98.134,-91.931,-88.958,-95.696,-87.617,-107.28
-75.226,-75.412,-83.792,-72.141,-88.609,-75.849,-78.424,-87.802,-90.088,-80.419,-78.177,-81.05,-82.739,-81.9,-87.868,-74.458,-77.145,-78.754,-84.571,-80.578,-84.629,-79.174,-87.586,-82.376,-86.596,-95.931,-76.025,-83.772,-87.949,0,-94.428,-83.681,-76.795,-95.233,-83.809,-90.45,-76.815,-83.605,-92.15,-85.694,-98.669,-98.49,-72.314,-83.592,-74.88,-94.929,-91.576,-89.929,-94.739,-91.527,-76.948,-88.399,-102.15,-91.917,-96.002,-110.06,-90.471,-95.594,-89.548,-98.94,-90.13,-78.876,-92.409,-74.821,-79.34,-96.905,-80.626,-83.141,-79.268,-100.19,-103.74,-88.126,-81.146,-93.947,-80.116,-102.15,-86.783,-89.545,-90.929,-85.664,-87.684,-85.835,-82.034,-96.044,-75.934,-88.934,-88.209,-88.697,-113.23,-97.27,-100.43,-81.569,-85.313,-98.087,-98.513,-78.361,-101.54,-81.489,-92.691,-84.001,-93.464,-99.828,-80.074,-76.347,-87.501,-91.122,-85.457,-96.777,-101.25,-88.692,-88.58,-88.768,-96.099,-94.596,-85.21,-107.41,-88.303,-84.15,-97.504,-106.59,-106.87,-89.891
-99.178,-83.101,-94.322,-98.49,-105.52,-87.841,-113.99,-108.19,-80.829,-88.701,-86.023,-100.14,-101.79,-84.053,-84.567,-86.383,-85.132,-107.33,-102.76,-107.92,-100.45,-97.131,-87.353,-84.502,-92.225,-98.918,-80.288,-107.07,-87.326,-94.428,0,-89.692,-85.374,-108.26,-80.969,-95.75,-91.383,-95.566,-89.176,-93.821,-82.615,-100.39,-99.547,-94.81,-96.738,-103.73,-92.008,-84.389,-85.522,-117.55,-91.408,-87.818,-79.732,-97.949,-95.516,-84.058,-96.457,-97.011,-93.789,-97.397,-90.609,-93.444,-92.771,-99.003,-98.434,-97.246,-99.435,-78.42,-106.53,-96.747,-85.994,-86.476,-98.838,-86.411,-91.502,-84.075,-112.04,-93.805,-85.39,-91.326,-91.048,-81.894,-93.026,-91.815,-112.36,-91.727,-86.043,-82.432,-90.427,-104.72,-88.5,-116.13,-108.74,-91.476,-84.29,-99.874,-107.44,-88.202,-88.535,-83.86,-92.908,-95.472,-96.079,-96.771,-88.779,-89.088,-91.284,-89.404,-85.809,-101.34,-96.148,-93.942,-84.378,-95.27,-78.738,-81.237,-93.241,-89.335,-87.313,-73.709,-85.733,-83.039
-92.737,-87.075,-95.598,-108.34,-92.104,-80.227,-97.586,-90.358,-96.157,-89.722,-92.733,-95.433,-89.388,-73.875,-84.116,-91.068,-82.586,-109.86,-82.421,-82.411,-90.547,-77.85,-94.949,-90.104,-77.744,-82.357,-94.213,-92.976,-95.097,-83.681,-89.692,0,-88.653,-82.854,-78.595,-78.279,-73.381,-74.796,-76.369,-79.675,-93.115,-90.042,-90.933,-84.302,-81.461,-92.834,-78.456,-79.937,-87.319,-96.405,-81.798,-87.418,-85.745,-97.15,-83.038,-82.53,-92.868,-80.384,-75.255,-86.325,-100.65,-94.939,-92.281,-84.102,-74.167,-75.696,-93.479,-75.612,-102.06,-88.089,-87.302,-102.48,-89.348,-90.383,-90.196,-95.223,-79.602,-93.411,-88.252,-93.293,-97.392,-79.139,-96.339,-92.135,-97.331,-77.986,-86.219,-87.651,-100.22,-85.89,-88.785,-91.985,-85.832,-110.31,-75.51,-80.041,-98.238,-99.786,-75.525,-87,-85.664,-86.212,-79.888,-88.037,-88.593,-91.804,-83.174,-87.202,-96.897,-90.092,-91.657,-88.125,-91.269,-88.94,-93.6,-93.297,-89.111,-90.913,-88.009,-102.6,-95.379,-97.327
-97.407,-89.729,-87.759,-95.857,-108.04,-83.694,-86.02,-90.756,-81.801,-83.473,-78.406,-94.335,-106.15,-92.263,-71.8,-88.219,-91.111,-103.09,-99.618,-97.092,-103.46,-93.97,-90.578,-81.159,-90.831,-103.01,-80.615,-86.622,-76.29,-76.795,-85.374,-88.653,0,-93.06,-89.501,-96.268,-85.251,-98.248,-101.92,-91.744,-92.561,-97.501,-88.093,-87.378,-92.122,-89.438,-95.409,-84.995,-94.853,-100.14,-91.544,-92.144,-85.764,-86.913,-94.028,-88.188,-85.465,-95.115,-95.694,-101.44,-96.595,-105.56,-103.81,-97.576,-96.539,-99.497,-108.97,-81.768,-91.763,-99.444,-95.29,-99.932,-92.361,-95.886,-83.919,-88.633,-98.557,-87.914,-88.622,-87.438,-79.717,-104.79,-107.26,-83.522,-104.41,-78.274,-96.535,-79.581,-103.61,-92.39,-91.234,-107.72,-110.25,-99.766,-81.988,-81.149,-99.297,-85.972,-91.447,-82.847,-96.223,-93.552,-101.79,-86.065,-86.198,-96.506,-111,-113.21,-79.559,-99.988,-117.74,-96.271,-96.342,-103.88,-80.608,-84.985,-95.87,-84.536,-83.167,-97.477,-104.15,-79.431
-96.065,-87.644,-117.54,-94.696,-115.43,-92.118,-85.508,-91.356,-86.859,-88.976,-95.784,-100.77,-108.33,-109.19,-88.029,-97.036,-103.52,-91.533,-91.359,-99.686,-104.62,-115.48,-102.85,-98.192,-95.366,-92.522,-91.48,-94.93,-91.788,-95.233,-108.26,-82.854,-93.06,0,-103.55,-79.688,-93.492,-83.181,-80.372,-83.915,-91.404,-83.012,-93.675,-89.259,-89.391,-86.029,-93.687,-75.657,-89.506,-88.076,-97.358,-100.71,-89.874,-80.128,-82.385,-84.861,-94.349,-88.666,-81.748,-86.331,-87.062,-82.858,-88.572,-82.657,-92.525,-91.578,-102.79,-81.156,-105.54,-91.502,-108.86,-84.51,-97.243,-83.918,-86.079,-84.483,-83.417,-74.952,-79.964,-78.424,-103.23,-91.281,-78.223,-95.281,-100.43,-79.713,-91.217,-72.84,-92.721,-83.667,-89.314,-85.899,-100.47,-99.694,-79.939,-86.645,-110.12,-78.784,-99.707,-85.782,-112.22,-90.416,-84.038,-87.514,-91.964,-97.683,-87.505,-93.519,-103.2,-96.992,-77.446,-89.36,-97.335,-84.439,-82.085,-85.684,-81.982,-89.334,-87.202,-87.476,-85.645,-86.449
-102.34,-94.536,-93.802,-111.51,-100.49,-82.615,-89.246,-78.089,-90.987,-83.578,-88.472,-97.234,-111.98,-82.591,-80.988,-90.393,-86.862,-110.54,-78.128,-96.399,-109.09,-74.909,-116.34,-101,-79.77,-97.739,-85.912,-113.05,-86.813,-83.809,-80.969,-78.595,-89.501,-103.55,0,-78.094,-74.577,-100.35,-79.23,-86.336,-78.23,-101.03,-79.388,-96.012,-85.586,-99.422,-88.709,-79.519,-81.304,-101.65,-75.556,-82.734,-95.064,-101.96,-93.266,-91.225,-92.433,-87.349,-91.944,-97.263,-101.31,-92.268,-107.52,-103.82,-90.868,-88.943,-108.33,-85.154,-95.832,-92.66,-81.452,-85.359,-81.169,-90.669,-89.433,-92.29,-108.89,-108.25,-94.086,-97.614,-105.94,-76.694,-108.87,-93.021,-105.83,-78.722,-85.292,-80.958,-99.599,-90.392,-92.42,-100.89,-93.655,-103.15,-93.294,-91.249,-94.031,-92.248,-83.14,-86.002,-96.797,-82.932,-84.128,-92.814,-95.688,-76.486,-96.235,-96.351,-86.195,-80.241,-84.545,-91.913,-80.268,-96.107,-78.912,-77.823,-85.916,-89.246,-103.3,-84.206,-102.71,-86.152
-93.772,-90.629,-92.372,-96.718,-90.448,-80.758,-110.3,-91.659,-85.349,-100.81,-87.849,-99.288,-96.997,-79.97,-75.565,-109.88,-85.49,-97.927,-93.347,-91.602,-110.34,-81.681,-100.51,-103.4,-86.59,-74.65,-88.26,-101.06,-93.637,-90.45,-95.75,-78.279,-96.268,-79.688,-78.094,0,-82.563,-79.241,-79.434,-85.643,-75.278,-90.389,-76.697,-87.459,-86.716,-94.733,-79.675,-77.092,-77.277,-84.672,-85.237,-81.138,-87.583,-84.33,-82.689,-82.322,-92.542,-82.566,-80.385,-89.822,-98.72,-83.203,-101.86,-82.689,-80.672,-93.646,-90.272,-85.486,-86.041,-83.521,-81.655,-116.87,-83.121,-86.083,-84.034,-96.616,-93.024,-115.91,-89.592,-97.3,-99.315,-81.608,-93.528,-94.035,-95.227,-76.131,-87.965,-79.155,-93.777,-87.662,-91.573,-94.005,-86.398,-119.81,-86.891,-83.151,-83.579,-93.281,-77.489,-96.327,-83.591,-86.967,-82.561,-89.48,-99.775,-87.281,-88.461,-96.976,-97.912,-79.105,-98.342,-82.15,-89.849,-87.09,-92.848,-93.493,-96.677,-93.404,-92.217,-96.648,-89.889,-94.516
-84.82,-89.071,-102.14,-79.044,-92.547,-76.508,-78.15,-86.594,-93.694,-78.525,-78.548,-97.918,-96.581,-83.977,-80.007,-85.202,-87.783,-94.708,-77.857,-77.004,-87.554,-74.279,-98.832,-95.139,-75.81,-76.339,-79.756,-88.269,-93.259,-76.815,-91.383,-73.381,-85.251,-93.492,-74.577,-82.563,0,-89.739,-85.902,-78.194,-90.051,-101.1,-72.885,-89.277,-75.419,-92.847,-84.06,-91.27,-87.66,-95.624,-80.775,-73.223,-98.903,-95.738,-89.998,-86.412,-81.919,-91.743,-83.319,-97.899,-88.617,-88.177,-102.99,-81.128,-85.073,-87.136,-93.192,-84.781,-94.787,-88.289,-93.503,-97.634,-83.991,-91.581,-82.173,-109.05,-78.62,-103.1,-85.167,-80.316,-83.431,-76.963,-77.334,-94.916,-87.644,-82.872,-86.132,-91.755,-94.709,-91.308,-94.892,-90.262,-80.773,-118.12,-92.726,-74.604,-97.884,-87.058,-90.367,-81.965,-92.417,-96.575,-72.653,-81.387,-87.211,-88.853,-78.986,-97.096,-96.606,-86.122,-79.441,-94.353,-96.399,-86.275,-87.208,-90.679,-83.131,-89.567,-103.26,-103.65,-93.652,-95.852
-94.477,-86.332,-91.534,-92.071,-86.271,-79.725,-93.344,-95.982,-84.468,-93.683,-87.828,-90.021,-89.072,-76.027,-75.595,-89.93,-81.897,-93.392,-93.609,-82.829,-88.456,-86.04,-89.219,-98.68,-86.095,-77.984,-88.451,-96.695,-95.823,-83.605,-95.566,-74.796,-98.248,-83.181,-100.35,-79.241,-89.739,0,-92.55,-85.361,-91.106,-86.702,-101.78,-93.038,-88.745,-92.761,-78.875,-74.211,-91.125,-80.55,-102.11,-81.635,-75.269,-76.739,-88.865,-83.56,-105.01,-90.104,-78.522,-94.467,-100.11,-85.588,-97.642,-90.903,-77.734,-82.692,-88.317,-76.863,-83.407,-79.097,-83.879,-100.99,-98.43,-88.167,-78.195,-99.989,-84.562,-100.88,-92.598,-89.992,-90.26,-81.065,-89.402,-112.88,-101.63,-75.099,-90.07,-78.873,-79.747,-90.301,-97.058,-92.68,-81.05,-115.56,-102.92,-84.482,-80.802,-93.775,-85.85,-95.898,-84.314,-94.693,-83.673,-84.26,-96.862,-95.731,-86.811,-92.312,-98.522,-95.114,-98.786,-72.066,-82.582,-85.261,-98.593,-93.94,-88.322,-94.825,-86.413,-90.998,-86.706,-92.506
-96.071,-102.23,-103.31,-108.46,-99.032,-89.967,-86.298,-100.39,-89.994,-94.377,-83.14,-99.026,-95.391,-80.132,-78.495,-93.709,-89.411,-108.67,-90.57,-86.562,-111.79,-94.699,-116.24,-97.244,-76.757,-90.326,-85.571,-99.202,-81.417,-92.15,-89.176,-76.369,-101.92,-80.372,-79.23,-79.434,-85.902,-92.55,0,-82.416,-79.532,-92.809,-92.036,-85.998,-86.963,-80.04,-84.688,-79.413,-76.642,-91.033,-85.58,-85.209,-95.119,-85.095,-89.725,-85.37,-97.169,-86.151,-86.104,-103.25,-86.423,-80.636,-101.35,-80.429,-83.111,-76.144,-93.941,-82.332,-93.765,-96.845,-94.964,-95.457,-99.287,-87.293,-106.9,-91,-78.632,-98.478,-91.292,-89.519,-104.56,-78.658,-80.43,-88.466,-115.89,-86.78,-93.568,-94.716,-81.895,-79.229,-77.682,-106.97,-112.99,-110.59,-76.775,-86.082,-90.332,-104.7,-82.485,-97.41,-78.589,-93.557,-80.828,-102.59,-100.81,-91.454,-91.471,-94.616,-101.29,-83.056,-93.293,-86.559,-85.239,-103.34,-93.587,-93.839,-107.72,-98.261,-97.563,-104.81,-94.252,-97.159
-85.07,-88.68,-90.422,-79.827,-106.09,-90.719,-89.54,-105.56,-88.827,-94.22,-99.774,-99.309,-88.777,-87.216,-101.11,-77.435,-79.491,-93.654,-95.336,-79.866,-88.813,-91.461,-102.1,-80.537,-81.113,-85.294,-81.415,-98.644,-95.731,-85.694,-93.821,-79.675,-91.744,-83.915,-86.336,-85.643,-78.194,-85.361,-82.416,0,-78.319,-77.443,-77.781,-72.845,-93.419,-77.724,-85.621,-96.942,-73.44,-77.761,-93.171,-78.665,-79.941,-101.79,-87.327,-90.724,-99.176,-83.43,-77.6,-87.156,-82.009,-81.896,-77.737,-84.225,-92.941,-85.565,-88.059,-89.462,-89.181,-91.312,-94.021,-79.975,-86.25,-85.426,-84.5,-96.719,-77.727,-91.328,-98.917,-82.02,-98.387,-84.699,-73.787,-84.788,-100.14,-86.695,-85.123,-77.482,-98.081,-86.776,-91.881,-96.654,-93.437,-75.956,-90.99,-80.116,-99.59,-91.795,-86.824,-78.776,-89.502,-86.683,-74.501,-73.88,-76.979,-81.766,-82.368,-93.447,-82.362,-96.698,-80.87,-97.827,-103.84,-88.116,-80.049,-85.171,-81.164,-82.79,-86.76,-88.857,-92.439,-83.918
-85.275,-86.903,-98.786,-84.005,-100.95,-89.43,-85.204,-99.851,-84.902,-91.914,-87.086,-93.365,-96.676,-90.78,-86.393,-77.083,-96.066,-94.797,-90.742,-91.978,-90.598,-109.95,-94.353,-78.241,-76.083,-76.721,-93.783,-96.48,-91.735,-98.669,-82.615,-93.115,-92.561,-91.404,-78.23,-75.278,-90.051,-91.106,-79.532,-78.319,0,-92.819,-81.157,-89.128,-99.677,-95.284,-77.067,-97.892,-78.298,-84.682,-101.71,-79.386,-76.695,-81.324,-79.148,-76.764,-103.38,-90.547,-75.585,-92.177,-101.83,-78.025,-87.454,-72.495,-78.825,-88.71,-91.592,-74.869,-91.272,-91.238,-78.532,-95.338,-96.629,-86.388,-80.757,-102.62,-75.853,-90.388,-91.214,-81.305,-88.645,-87.142,-76.236,-87.006,-107.72,-79.777,-89.269,-79.862,-95.942,-84.229,-84.605,-101.56,-98.226,-109.43,-74.82,-78.135,-95.874,-91.65,-82.98,-87.627,-93.088,-88.428,-81.857,-75.55,-81.066,-98.901,-84.934,-92.036,-86.688,-96.952,-82.432,-100.84,-91.212,-92.762,-84.713,-86.291,-85.089,-94.983,-90.199,-89.713,-93.599,-82.728
