0,0.00029664,0.00019245,0.00045273,0.00010076,0.00012373,3.2777e-05,7.479e-05,0.00018288,0.00010355,0.00024498,0.00014481,0.00042053,2.9976e-05,7.3906e-06,3.3936e-05,4.6048e-05,0.00019718,0.00011595,0.0001059,0.00039293,3.153e-05,0.00015496,6.7472e-05,3.1108e-05,0.00022347,3.7329e-05,0.0001119,5.6867e-05,4.1894e-05,3.0206e-05,4.9184e-05,3.6639e-05,3.2105e-05,3.637e-05,0.00012417,9.591e-06,0.00012424,6.9663e-05,5.0676e-05,1.2199e-05,0.000151,1.2182e-05,2.6317e-06,1.5604e-05,2.4414e-05,6.0523e-05,4.4281e-05,3.1319e-05,0.00021123,4.3863e-06,2.5835e-05,2.0657e-05,3.0942e-05,2.1174e-05,1.8316e-05,7.9482e-05,3.2061e-05,1.185e-05,3.2868e-05,2.2904e-05,0.00012983,0.00015573,0.00015887,0.00018796,5.619e-05,0.00016491,2.9871e-05,0.00030153,1.6503e-05,3.2555e-05,4.8312e-05,2.5204e-05,5.997e-06,0.00027682,5.128e-05,9.5171e-05,6.0381e-05,3.5638e-05,0.00014816,8.6952e-05,1.2308e-05,0.00015396,4.9662e-05,0.00019447,0.00029272,3.4533e-05,5.4556e-05,5.2312e-05,8.266e-05,4.7195e-05,0.00014205,0.00023961,6.714e-05,2.6019e-05,4.0414e-05,5.4953e-05,6.157e-05,1.5542e-05,2.5789e-05,5.3276e-05,1.9837e-05,7.0667e-05,4.5064e-05,6.3498e-05,1.1399e-05,6.0115e-05,7.0285e-05,1.3753e-05,9.2465e-05,3.9162e-05,8.9966e-05,9.9752e-05,-3.1129e-06,3.6643e-05,1.1246e-05,6.811e-05,6.046e-05,1.2628e-05,1.3743e-05,3.5813e-05,3.6213e-05
0.00029664,0,2.8625e-05,0.00030491,2.9911e-05,7.1941e-05,0.00027377,0.00015624,0.00036585,8.6224e-05,0.00014124,2.5128e-05,0.00013583,4.5542e-05,3.0289e-05,2.2401e-05,1.8311e-05,8.5133e-05,0.00038834,3.5514e-05,0.0001864,9.1723e-05,2.0205e-05,-7.074e-06,0.00010973,0.00046172,4.1987e-05,4.1515e-05,0.00017766,-4.1616e-06,9.5765e-05,0.00015617,0.00010388,1.4723e-05,0.00014983,0.00025766,3.9504e-05,0.0002108,0.00022024,2.2899e-05,2.3792e-05,0.00010844,7.9936e-05,1.1837e-05,2.6003e-05,9.2237e-05,0.00013098,0.00010159,0.00013501,0.0002091,-2.6476e-06,4.9696e-05,5.5777e-05,6.485e-05,4.5534e-05,4.0912e-05,2.1225e-05,1.138e-05,4.0938e-05,4.2235e-05,8.7239e-06,0.00024116,2.9568e-05,0.00028109,0.00038525,4.2857e-05,6.4485e-05,8.7171e-05,0.0002268,3.6972e-05,3.3867e-05,5.0332e-05,3.0481e-05,4.3397e-05,0.00031954,5.9807e-05,0.00020178,0.00018087,2.8044e-05,0.00036202,6.6643e-05,0.00010253,0.0003137,0.00011448,3.7793e-05,0.00031425,2.639e-05,7.5206e-05,4.9097e-05,0.00016862,1.1461e-05,1.5905e-05,0.00018388,4.8214e-05,0.00010797,0.00016667,5.5448e-05,0.00017604,7.8801e-05,4.4199e-05,0.0001609,8.1526e-05,0.00019309,2.9081e-05,0.00015685,5.1532e-05,0.0001508,3.1837e-05,8.3131e-05,1.6681e-05,0.00010826,1.7001e-05,9.3937e-06,5.2956e-05,9.2143e-05,2.5843e-05,0.00015303,0.00016188,6.3232e-05,6.5218e-05,-2.2591e-06,0.00012639
0.00019245,2.8625e-05,0,5.3882e-05,0.00025088,0.00017036,5.9627e-05,7.5188e-05,3.677e-05,0.00022948,2.5164e-05,0.00025733,0.00015179,1.5091e-05,1.4976e-05,1.2166e-05,5.6614e-05,6.2961e-05,3.1553e-05,2.2533e-05,0.00021731,3.1134e-05,0.00037079,0.000123,2.6093e-05,0.00012833,1.4686e-05,0.00014894,1.8227e-05,5.0916e-05,5.5414e-05,4.8478e-05,9.0194e-05,5.7517e-05,4.9104e-05,6.8549e-05,2.3432e-05,0.00011309,3.2615e-05,8.2871e-06,1.6781e-05,4.4742e-05,6.1098e-06,4.3708e-05,1.9305e-05,4.2353e-05,5.7096e-05,3.8473e-05,3.451e-05,4.709e-05,2.9742e-06,3.9318e-05,2.9113e-05,4.4335e-05,3.149e-05,2.17e-05,3.3984e-05,4.6074e-06,2.3291e-05,3.4814e-05,2.7994e-05,0.00010553,4.2266e-05,8.8677e-05,0.00010893,2.8017e-05,8.9068e-05,4.1558e-05,4.5371e-05,7.0806e-05,1.4847e-05,3.7728e-05,6.694e-05,2.7173e-05,3.3899e-05,0.00010067,8.3532e-05,7.4153e-05,2.4713e-05,2.1027e-05,2.3291e-05,2.5664e-05,7.5989e-05,5.622e-05,0.0002701,0.00034793,2.9881e-05,3.4912e-05,4.7221e-05,6.7173e-05,7.1833e-05,7.0179e-05,9.5925e-05,2.5101e-05,2.6797e-05,8.8945e-05,8.9071e-05,9.0879e-05,2.979e-05,6.3133e-05,4.781e-05,2.432e-05,3.8736e-05,1.9674e-05,8.3422e-05,2.9463e-05,4.6831e-05,3.0484e-05,3.238e-05,0.00010327,6.1976e-05,2.1587e-05,0.00011335,3.6742e-05,4.8705e-05,1.7804e-05,8.6433e-05,7.5784e-05,3.7823e-05,3.8237e-05,3.3814e-05,6.0894e-05
0.00045273,0.00030491,5.3882e-05,0,4.7067e-05,2.0023e-05,0.00019531,7.9455e-05,0.00024794,9.8077e-05,0.00043211,0.00012418,0.00045905,1.1309e-05,5.5132e-06,3.1754e-05,8.6406e-06,0.00011256,0.00012837,0.00019759,0.00027419,3.427e-05,6.3383e-05,6.8096e-05,1.9499e-05,0.0002159,3.7598e-05,5.106e-05,0.00017153,2.8003e-05,4.8246e-05,5.5026e-05,0.00011039,5.1893e-05,4.5943e-05,0.00013823,1.5511e-06,0.00012561,0.00015963,7.3839e-05,4.437e-06,0.00020946,1.1086e-05,5.7791e-06,1.2714e-05,3.2487e-05,4.8382e-05,4.8924e-05,4.737e-05,0.00028296,1.196e-05,1.5097e-05,3.2031e-05,3.5593e-05,1.9243e-05,2.075e-05,5.9376e-05,1.7002e-05,1.4025e-05,2.5454e-05,2.0045e-05,0.00017662,0.00013036,0.00025375,0.00024177,5.4048e-05,0.0001679,5.5721e-05,0.00021402,2.5674e-05,2.1065e-05,5.9309e-05,2.415e-05,2.2512e-07,0.00026853,2.2982e-05,0.00014023,0.00010336,2.4871e-05,0.00039797,8.3394e-05,2.1272e-05,0.00026779,6.2258e-05,0.00010654,0.00037922,3.525e-05,3.0193e-05,4.1836e-05,0.00013788,2.7386e-05,5.7144e-05,0.00021473,9.379e-05,6.8764e-05,0.00019853,3.2858e-05,0.00010221,2.9356e-05,2.5701e-05,7.6028e-05,6.1746e-05,0.00022621,3.8909e-05,9.178e-05,2.3416e-05,0.00015164,5.5677e-05,3.6835e-05,5.5695e-05,5.1335e-05,3.7801e-05,2.4789e-05,2.3277e-05,5.094e-05,1.0798e-05,9.6314e-05,9.5528e-05,2.5658e-05,3.1022e-05,6.7202e-06,6.9154e-05
0.00010076,2.9911e-05,0.00025088,4.7067e-05,0,0.00023118,0.00020953,0.00011306,4.7099e-05,1.8108e-05,1.583e-05,0.00018281,0.00010067,3.1419e-05,2.6859e-05,7.2201e-05,8.8467e-05,0.00014584,4e-05,4.1553e-05,3.7986e-05,6.5621e-05,9.0007e-05,3.2747e-05,4.1078e-05,0.00016536,2.9859e-05,0.00037073,4.1496e-05,2.2083e-05,4.4825e-05,0.00010796,2.4584e-05,9.3296e-05,3.3338e-05,0.00014774,1.5732e-05,0.00015673,4.8662e-05,3.2387e-05,3.7532e-05,4.9629e-05,2.2364e-05,7.5427e-05,2.8787e-06,7.7042e-05,8.0749e-05,0.00011304,7.9438e-05,4.5339e-05,1.2115e-05,7.5435e-05,7.0704e-05,8.0545e-05,6.0294e-05,5.4011e-05,1.779e-05,2.1341e-05,6.0802e-05,3.7671e-05,5.0982e-05,0.00010225,8.4147e-05,0.00011555,0.00012213,3.4182e-05,3.5122e-05,6.6633e-05,2.4049e-05,8.0316e-05,4.5857e-05,5.5987e-05,9.4674e-05,4.0114e-05,1.3598e-05,0.00010281,0.00011063,0.00010995,4.1754e-05,4.0581e-05,2.4353e-05,2.3738e-05,8.4642e-05,9.6579e-05,6.2921e-05,0.00039176,2.8107e-05,4.3185e-05,0.00011574,9.8433e-05,2.4639e-05,0.00024198,5.0573e-05,6.4597e-05,2.8537e-05,3.0304e-05,1.3933e-05,0.00012342,5.0075e-05,0.00010683,6.929e-05,3.7045e-05,5.0814e-05,1.311e-05,0.00010764,4.872e-05,7.2566e-05,3.5364e-05,5.2294e-05,1.9437e-05,8.0407e-05,7.9439e-05,4.7943e-05,1.9252e-05,9.1671e-05,2.8702e-05,0.00012188,0.00011568,6.7673e-05,6.2011e-05,7.2712e-06,0.00011603
0.00012373,7.1941e-05,0.00017036,2.0023e-05,0.00023118,0,2.4387e-05,2.7146e-05,2.612e-05,1.5041e-05,2.2984e-05,6.6943e-05,5.6089e-05,0.00014421,1.0849e-05,1.8371e-05,0.00027569,2.5926e-05,4.1905e-05,5.9482e-05,2.142e-05,3.6299e-05,3.3779e-05,6.7191e-06,2.3171e-05,0.00017235,1.5004e-05,6.0626e-05,3.2975e-05,3.2218e-06,2.4385e-05,9.2742e-05,1.4768e-05,2.723e-05,1.8777e-05,0.00014282,-1.6045e-06,0.00016206,7.1811e-05,1.2463e-05,2.1299e-05,3.1203e-05,2.4593e-05,4.099e-05,3.8798e-06,9.0066e-05,5.2274e-05,0.00010529,7.8817e-05,2.0115e-05,-3.2534e-06,3.5836e-05,9.8411e-05,9.2312e-05,7.4845e-05,5.1745e-05,1.7572e-05,4.3911e-05,4.4937e-05,5.5726e-05,2.7346e-05,0.00013669,3.5621e-05,0.00014366,0.00016275,6.2854e-06,1.8558e-05,7.1835e-05,1.634e-05,6.9694e-05,4.6602e-05,5.5254e-05,8.286e-05,3.4857e-05,9.4095e-06,8.7796e-05,0.00013564,0.00011967,4.1001e-05,7.2345e-05,1.4623e-05,5.062e-05,0.00013498,9.9008e-05,4.0869e-05,0.00033452,3.7639e-06,3.7199e-05,2.6781e-05,0.0001242,4.4517e-06,4.4354e-05,1.5616e-05,4.6291e-05,4.2549e-05,3.346e-05,1.4631e-05,0.00011588,3.6241e-05,0.00010366,8.851e-05,1.9659e-05,7.3131e-05,1.5713e-05,0.00013277,4.0463e-05,9.1937e-05,4.5273e-05,5.762e-05,-2.9916e-06,9.9533e-05,1.7051e-05,1.8174e-05,3.2443e-05,8.6691e-05,3.9346e-05,0.00012813,0.00011635,7.2386e-05,6.2078e-05,1.2919e-05,0.00012148
3.2777e-05,0.00027377,5.9627e-05,0.00019531,0.00020953,2.4387e-05,0,0.00010727,0.00028394,3.4613e-05,9.1602e-05,0.00011538,4.6056e-05,0.00012078,7.1925e-05,9.4835e-05,5.1e-05,4.8222e-05,7.5484e-05,4.8104e-05,8.0423e-05,3.0783e-05,4.8549e-05,2.1828e-05,4.0244e-05,4.2493e-05,8.3242e-05,0.00028318,0.00021886,3.4953e-06,3.1291e-05,2.6869e-05,6.4407e-05,0.00012201,3.1895e-05,3.4833e-05,-1.9149e-06,2.8769e-05,3.0308e-05,1.6857e-05,1.1878e-05,0.00018005,3.7114e-07,5.4609e-05,3.4009e-06,2.2191e-05,2.0311e-05,3.214e-05,9.5943e-06,0.00024276,9.1855e-06,1.513e-05,4.3636e-05,5.0819e-05,5.0962e-05,3.0011e-05,3.5492e-05,1.1621e-05,1.3346e-05,4.3307e-05,3.8207e-05,2.5901e-05,3.7024e-05,4.6784e-05,5.3201e-05,2.7339e-05,0.00012673,1.4644e-05,0.0001125,0.0001529,1.7691e-05,5.3021e-05,6.9624e-05,1.438e-05,0.00025933,8.4354e-05,2.944e-05,4.6239e-05,0.00010629,0.00017621,2.1091e-05,5.5773e-06,1.689e-05,5.7969e-05,3.9416e-05,0.00055319,5.0166e-05,0.00020048,7.9301e-05,2.1251e-05,4.7448e-05,0.00010018,0.00025869,9.8029e-05,1.2218e-05,5.6426e-05,3.9012e-05,9.5118e-05,1.5214e-05,0.00011389,2.8405e-05,6.1195e-06,5.4333e-05,5.33e-05,6.3171e-05,3.7709e-05,8.7705e-06,2.7117e-05,3.4985e-05,5.6509e-05,3.0985e-05,4.3468e-05,2.331e-05,2.686e-05,5.8576e-05,2.0858e-05,6.0252e-05,5.6718e-05,4.1003e-05,4.7259e-05,2.3837e-05,7.5398e-05
7.479e-05,0.00015624,7.5188e-05,7.9455e-05,0.00011306,2.7146e-05,0.00010727,0,0.00015597,0.00022896,5.3285e-05,0.00012847,6.2465e-05,0.00011341,9.1456e-06,4.6813e-05,1.9723e-05,0.00011521,0.00013436,3.2738e-05,5.982e-05,0.00020044,6.292e-05,2.6361e-05,0.00010253,7.427e-05,5.8634e-05,0.0001878,2.2454e-05,2.7967e-05,2.5908e-05,7.5421e-05,4.3772e-05,8.6864e-05,0.00016597,2.6404e-05,4.5906e-05,2.5691e-05,3.7484e-05,2.4225e-05,4.0482e-05,6.6185e-05,6.6504e-06,7.4992e-05,2.8461e-05,3.1793e-05,1.9082e-05,1.4979e-05,2.6959e-05,0.00014164,3.1285e-05,2.9514e-05,3.1612e-05,3.3369e-05,3.2958e-05,1.7834e-05,6.6839e-05,2.8588e-05,2.7006e-05,1.5422e-05,4.5429e-05,2.9649e-05,5.3584e-05,4.9248e-05,3.3675e-05,0.00015166,8.1253e-05,6.047e-06,6.3127e-05,9.8446e-05,3.3038e-05,3.3412e-05,7.729e-05,2.3031e-05,7.5766e-05,8.9457e-05,1.7976e-05,2.6021e-05,4.9139e-05,2.3152e-05,6.4645e-05,5.1196e-05,3.0182e-05,3.6607e-05,4.1764e-05,0.00041705,3.4678e-05,9.6076e-05,5.2438e-05,6.4462e-05,3.0251e-05,0.00010062,0.00016633,5.0216e-05,4.7347e-05,2.2721e-05,2.2052e-05,6.0951e-05,2.7357e-05,5.6588e-05,3.8374e-05,2.3302e-05,2.3169e-05,2.3454e-05,1.6472e-05,2.9532e-05,4.7532e-05,3.1889e-05,3.0418e-05,2.1151e-05,2.4251e-05,3.3488e-05,6.5679e-05,2.0479e-05,2.7169e-05,3.7315e-05,4.3528e-05,2.5275e-05,3.2068e-05,3.2333e-05,2.9874e-05,4.2149e-05
0.00018288,0.00036585,3.677e-05,0.00024794,4.7099e-05,2.612e-05,0.00028394,0.00015597,0,0.00010426,0.00036136,3.8776e-05,3.7289e-05,0.00015213,3.8841e-05,4.2871e-05,4.5033e-05,8.5843e-05,0.00036922,6.4441e-05,0.00011197,3.1125e-05,3.8055e-05,3.3378e-05,9.6556e-05,0.00034184,0.0002232,6.3683e-05,0.00017632,3.2211e-06,0.00012143,9.2607e-05,0.00015383,6.263e-06,0.00014188,0.0001802,1.7335e-05,0.00013625,0.00019386,2.7491e-05,1.2127e-05,9.7953e-05,5.7943e-05,1.1701e-05,3.7508e-05,6.6802e-05,7.0575e-05,7.3996e-05,8.0807e-05,0.00013287,2.9495e-05,3.8223e-05,5.4408e-05,5.4542e-05,4.1867e-05,3.6188e-05,4.1946e-05,1.3521e-05,1.5198e-05,5.0436e-05,5.7012e-05,0.00021284,1.5384e-05,0.00028359,0.00030764,4.4975e-05,2.9264e-05,7.2252e-05,0.00017031,2.409e-05,2.5642e-05,3.2365e-05,2.0688e-05,1.694e-05,0.00023548,3.3769e-05,0.00018052,0.00014684,6.6274e-05,0.00038003,6.7148e-05,8.0213e-05,0.00030238,8.5964e-05,4.0064e-05,0.000319,2.124e-05,0.00010276,6.9384e-05,0.00016752,3.9249e-05,2.0321e-05,9.4208e-05,4.4481e-05,0.00011403,0.00020519,5.4974e-05,0.0001478,5.6755e-05,2.9717e-05,0.00012834,7.9692e-05,0.00020694,5.4578e-05,0.00011612,4.3952e-05,0.00016363,3.9207e-05,7.9162e-05,1.2245e-05,9.1395e-05,2.1928e-05,3.322e-05,6.2648e-05,8.763e-05,3.489e-05,0.00016443,0.00014181,7.9875e-05,7.8574e-05,3.0888e-05,0.00013145
0.00010355,8.6224e-05,0.00022948,9.8077e-05,1.8108e-05,1.5041e-05,3.4613e-05,0.00022896,0.00010426,0,3.9533e-05,0.00015238,9.0209e-05,0.00011375,1.3951e-05,8.7008e-06,1.7361e-05,7.0779e-05,4.7093e-05,1.615e-05,0.00016948,0.00014646,0.00019171,5.1603e-05,5.9717e-05,3.5227e-05,4.6129e-05,8.9519e-05,2.692e-06,4.237e-05,5.1393e-05,6.3963e-05,4.5201e-05,3.7369e-05,0.00019643,3.055e-05,4.7204e-05,2.4696e-05,6.6866e-05,1.5057e-05,4.0889e-05,5.3969e-05,8.3248e-06,5.5086e-05,5.3507e-05,5.3167e-06,9.4524e-06,9.0072e-06,1.6134e-05,7.8152e-05,3.7065e-05,1.9292e-05,1.8238e-05,3.1234e-05,9.4566e-06,1.0367e-05,6.5859e-05,-6.7695e-06,1.0258e-05,2.0157e-05,1.9223e-05,1.3647e-06,3.2773e-05,1.6472e-05,1.4933e-05,0.00013635,4.8486e-05,2.001e-06,5.9568e-05,4.4057e-05,1.4582e-05,2.2495e-05,3.4005e-05,1.0271e-05,5.6362e-05,6.4331e-05,1.486e-05,1.5534e-05,1.4999e-05,1.0857e-05,9.6747e-05,6.2415e-05,1.9307e-05,1.6678e-05,0.00014152,0.00037075,1.0752e-05,4.8564e-05,1.829e-05,2.3278e-05,5.3289e-05,3.6474e-05,8.4926e-05,3.0423e-05,9.288e-05,5.3448e-05,7.678e-05,4.2505e-05,3.4192e-05,1.6992e-05,1.3677e-05,1.4897e-05,2.63e-05,4.6062e-05,1.1007e-05,1.7819e-05,2.6222e-05,2.3011e-05,1.0828e-05,6.0194e-05,1.5686e-05,2.4117e-06,0.00011742,3.2543e-05,8.5318e-06,1.7644e-05,4.8255e-05,2.3417e-05,1.1535e-05,2.5232e-05,6.8609e-05,2.1581e-05
0.00024498,0.00014124,2.5164e-05,0.00043211,1.583e-05,2.2984e-05,9.1602e-05,5.3285e-05,0.00036136,3.9533e-05,0,0.00012436,0.00012028,1.0948e-05,3.5861e-05,4.7749e-06,1.5476e-05,7.5344e-05,3.9316e-05,0.00015346,0.00011226,0.00018592,1.5605e-05,2.4298e-05,4.3273e-05,9.3261e-05,0.0001186,2.3033e-05,0.00017154,5.3624e-05,8.3856e-05,2.1619e-05,0.00016578,2.2306e-05,1.2239e-05,8.7991e-05,4.235e-05,7.4966e-05,0.00012742,2.6194e-05,6.7745e-06,6.3257e-05,1.3826e-05,4.5481e-06,1.2472e-05,6.6572e-05,2.1964e-05,4.5566e-05,4.4748e-05,6.871e-05,3.5708e-05,6.718e-06,4.7417e-05,5.3536e-05,4.1159e-05,2.7803e-05,0.00017067,1.7438e-05,8.3533e-06,4.4785e-05,5.2221e-05,0.00019741,3.0977e-05,0.00023827,0.00016404,6.4058e-05,2.302e-05,5.1641e-05,0.0001866,1.7802e-05,2.4844e-05,2.597e-05,2.9789e-05,2.4966e-06,0.00017696,2.193e-05,0.00013338,8.1871e-05,4.2118e-05,0.00029258,3.5244e-05,1.9753e-05,0.00027524,5.2678e-05,2.2166e-05,0.00039738,1.3094e-05,4.3747e-05,2.9954e-05,0.00017274,4.0647e-05,2.3983e-05,3.3306e-05,3.0094e-05,4.3363e-05,0.00016789,2.3617e-05,0.00010131,2.0905e-05,1.9546e-05,0.00010218,4.1823e-05,0.00017308,1.9779e-05,4.4985e-05,1.0585e-05,0.00015337,3.4844e-05,4.5582e-05,8.6744e-06,6.8729e-05,1.6686e-05,1.2634e-05,4.7835e-05,3.5224e-05,2.1147e-05,0.0001189,8.0202e-05,4.3011e-05,2.9757e-05,5.5494e-07,7.2216e-05
0.00014481,2.5128e-05,0.00025733,0.00012418,0.00018281,6.6943e-05,0.00011538,0.00012847,3.8776e-05,0.00015238,0.00012436,0,0.00028439,3.9948e-05,2.8326e-05,0.00010944,5.7402e-05,0.00010226,0.00011571,0.0001073,0.000148,9.9992e-05,0.00026205,0.00013308,0.000102,4.8202e-05,1.4222e-05,0.00030519,5.203e-05,0.00013659,5.805e-05,2.2592e-05,6.6925e-05,4.4711e-05,0.00015553,4.5426e-05,5.6744e-05,6.9123e-05,1.6988e-05,3.3333e-05,2.6938e-05,3.6971e-05,1.159e-05,4.8117e-05,6.2075e-05,2.8164e-05,1.8013e-05,2.6551e-05,2.5043e-05,3.3922e-05,7.0654e-05,1.3389e-05,3.289e-05,3.8726e-05,3.4012e-05,2.5578e-05,6.929e-05,1.4637e-05,1.6302e-05,3.0464e-05,1.0137e-05,7.2987e-05,8.3705e-05,8.0436e-05,5.0871e-05,4.9455e-05,4.6689e-05,3.3076e-05,4.5602e-05,5.2701e-05,2.8875e-05,3.7995e-05,4.2014e-05,1.6221e-05,1.8956e-05,4.9846e-05,7.7268e-05,5.985e-05,2.5536e-05,2.5099e-05,2.5216e-05,2.8464e-05,7.3689e-05,5.4322e-05,0.00020066,0.0004415,2.7212e-05,3.1092e-05,6.9834e-05,5.3005e-05,4.9866e-05,0.00015734,3.3591e-05,2.7246e-05,1.8507e-05,4.0288e-05,3.6594e-05,7.977e-05,1.8287e-05,4.768e-05,3.3935e-05,1.5457e-05,3.1905e-05,2.7294e-06,7.6458e-05,1.43e-05,3.972e-05,2.754e-05,1.862e-05,5.4351e-05,6.3397e-05,5.3399e-05,9.604e-05,1.2266e-05,2.5182e-05,6.4994e-06,8.8168e-05,6.5123e-05,3.6976e-05,2.1449e-05,1.8019e-05,5.2454e-05
0.00042053,0.00013583,0.00015179,0.00045905,0.00010067,5.6089e-05,4.6056e-05,6.2465e-05,3.7289e-05,9.0209e-05,0.00012028,0.00028439,0,1.1236e-05,3.1613e-05,0.0001809,4.0987e-05,0.00016876,8.4024e-05,0.0001709,0.00039206,4.454e-05,0.00024224,0.00022444,2.8631e-05,0.00021074,3.768e-06,0.00019189,4.5289e-05,5.8935e-05,4.1805e-05,7.1082e-05,4.4687e-05,5.4929e-05,5.1954e-05,0.00013394,1.3403e-05,0.0001326,7.7677e-05,8.145e-05,1.9398e-05,0.00016797,1.6167e-05,8.4596e-06,2.2541e-05,1.7141e-05,4.8747e-05,4.8342e-05,4.3835e-05,0.00026208,1.4291e-05,2.1115e-05,3.0629e-05,2.8536e-05,1.2424e-05,1.7116e-05,3.6117e-05,2.74e-05,2.5239e-05,2.2174e-05,1.101e-05,0.00012712,0.0003032,0.0001517,0.00017918,4.704e-05,0.00031029,4.1307e-05,0.00016786,4.2546e-05,3.7284e-05,7.0689e-05,5.1476e-05,7.3144e-06,0.00012477,3.8695e-05,0.00012308,9.1021e-05,3.3926e-05,0.00014488,6.5843e-05,1.1162e-05,0.00017146,7.4984e-05,0.00031845,0.00040447,3.6447e-05,2.1846e-05,4.6472e-05,7.6163e-05,4.5508e-05,0.00024569,0.0002635,9.6378e-05,4.2861e-05,4.8117e-05,4.5723e-05,9.6355e-05,2.0727e-05,6.2165e-05,4.5245e-05,3.8256e-05,0.00010925,2.4981e-05,0.00013756,3.7415e-05,9.007e-05,4.4877e-05,3.103e-05,0.00013316,5.5715e-05,0.00013568,8.4994e-05,5.6748e-06,6.3911e-05,9.7894e-06,9.4388e-05,0.00010823,3.1687e-05,3.6282e-05,1.2413e-05,7.3694e-05
2.9976e-05,4.5542e-05,1.5091e-05,1.1309e-05,3.1419e-05,0.00014421,0.00012078,0.00011341,0.00015213,0.00011375,1.0948e-05,3.9948e-05,1.1236e-05,0,1.2024e-05,1.8132e-05,0.0004296,2.994e-05,0.00025886,0.00012042,1.7414e-05,6.3947e-05,2.5936e-05,1.7448e-05,6.3822e-05,0.00025045,0.00019525,5.4429e-05,8.3487e-05,2.0992e-06,7.4267e-05,9.0557e-05,5.145e-05,3.9791e-05,0.00010319,0.00016308,6.7478e-06,0.00015153,0.00012252,3.2575e-05,2.6857e-05,1.9847e-05,6.7162e-05,3.0752e-05,8.0192e-05,8.572e-05,7.1691e-05,9.0313e-05,8.4835e-05,3.3549e-05,6.6502e-05,8.0348e-05,9.6733e-05,8.8794e-05,6.9625e-05,6.2442e-05,3.8977e-05,7.2559e-05,4.637e-05,6.4711e-05,1.0472e-05,0.00012766,1.1556e-05,0.0001676,0.00017522,3.0545e-05,7.2874e-06,6.7596e-05,9.4685e-06,9.755e-05,3.2156e-05,9.5511e-05,3.7142e-05,3.8279e-05,6.5322e-06,9.0735e-05,0.00014277,0.000149,3.7667e-05,0.00018368,7.8241e-05,0.00011852,0.00019042,0.00011054,1.7103e-05,0.00036699,1.6277e-05,2.6384e-05,9.9277e-05,0.00012031,2.7651e-05,3.3518e-05,1.104e-05,3.8497e-05,0.0001161,8.4114e-05,8.4327e-05,0.00012095,8.2871e-05,9.8079e-05,8.9074e-05,7.1583e-05,0.00015851,5.8665e-05,0.00018222,8.2765e-05,0.00012887,5.557e-05,9.5215e-05,3.6292e-05,0.00012564,3.7918e-05,3.5387e-05,7.3415e-05,0.00013458,8.6151e-05,0.00019081,0.00017415,0.00015028,0.00011724,9.226e-05,0.00017451
7.3906e-06,3.0289e-05,1.4976e-05,5.5132e-06,2.6859e-05,1.0849e-05,7.1925e-05,9.1456e-06,3.8841e-05,1.3951e-05,3.5861e-05,2.8326e-05,3.1613e-05,1.2024e-05,0,0.00010425,1.2999e-05,2.3645e-06,8.7012e-05,2.2929e-05,8.0921e-06,1.5992e-05,6.5229e-05,9.4237e-05,5.6185e-05,0.00010377,6.4158e-05,2.544e-05,8.6505e-05,0.00015806,6.7243e-05,7.8242e-06,9.5836e-05,6.9676e-05,1.3897e-05,2.5531e-05,0.00010201,8.362e-05,3.6436e-05,4.5889e-05,2.0249e-05,5.1529e-05,3.1034e-05,3.8335e-05,0.00014952,6.3647e-05,7.0411e-05,2.581e-05,7.6959e-06,6.7484e-05,3.8123e-05,0.00011636,2.8506e-05,3.4295e-05,4.8626e-05,1.8955e-05,1.484e-05,2.3023e-05,4.0671e-05,2.7978e-05,7.5373e-06,8.1159e-05,3.5908e-05,0.00010727,9.1411e-05,2.3052e-06,7.3078e-05,1.9474e-05,-9.7524e-07,4.0938e-05,2.6325e-05,8.4814e-05,0.00010165,4.4345e-05,-9.3805e-07,0.00011077,3.7346e-05,2.5552e-05,2.7157e-06,0.00011381,3.0034e-07,2.6485e-05,7.5223e-05,8.1728e-05,6.1038e-05,0.0002022,1.6741e-05,2.3333e-05,2.9242e-05,6.5329e-05,1.3823e-05,6.2668e-05,9.3125e-05,0.00010227,-1.8958e-06,6.76e-05,2.9365e-05,5.4609e-05,1.2669e-05,5.6716e-05,4.7741e-05,1.8404e-05,4.3408e-05,-1.2946e-05,8.2655e-05,1.1328e-05,6.9474e-05,7.3053e-05,5.2888e-05,2.1078e-05,4.121e-05,2.1894e-05,6.1384e-05,2.771e-05,3.9963e-05,1.9722e-05,9.3659e-05,6.1482e-05,4.034e-05,2.7504e-05,2.665e-05,5.996e-05
3.3936e-05,2.2401e-05,1.2166e-05,3.1754e-05,7.2201e-05,1.8371e-05,9.4835e-05,4.6813e-05,4.2871e-05,8.7008e-06,4.7749e-06,0.00010944,0.0001809,1.8132e-05,0.00010425,0,8.8222e-05,1.7096e-05,0.00013006,0.00017926,1.4503e-05,2.9381e-05,2.0193e-05,0.00023781,0.0001404,2.9593e-05,8.7881e-06,0.00014832,0.00015276,4.0403e-05,3.1436e-05,1.8562e-05,6.0932e-05,2.1062e-05,8.1702e-05,4.081e-05,1.877e-05,3.0681e-05,1.8359e-05,9.6556e-05,5.6692e-05,5.9038e-05,1.1314e-05,1.9784e-05,2.2579e-05,8.5493e-06,2.3901e-05,2.1697e-05,1.5109e-05,2.0157e-05,3.5892e-05,8.4999e-06,3.0127e-05,3.5935e-05,1.8827e-05,1.7655e-05,7.3991e-06,3.7918e-05,2.2768e-05,2.2687e-05,3.5748e-05,2.8423e-05,0.00021842,6.6397e-05,2.2575e-05,2.7626e-05,2.513e-05,3.1325e-05,2.8789e-05,0.00011278,4.9683e-05,0.00010736,3.4873e-05,2.0187e-05,4.9623e-05,3.7602e-05,4.9737e-05,6.7186e-05,7.3897e-05,2.3302e-05,2.1669e-05,1.8488e-05,2.9475e-05,3.9097e-05,3.9753e-05,0.00058435,3.2347e-05,0.00011188,4.8471e-05,2.1546e-05,3.1348e-05,9.6211e-05,3.2424e-05,2.7309e-05,1.7615e-05,2.2493e-06,7.1298e-05,0.00010624,3.8163e-05,6.8105e-05,4.8309e-05,2.7517e-05,1.2098e-05,4.3013e-05,6.3428e-05,3.5537e-05,2.9058e-05,1.5732e-05,1.181e-05,2.8588e-05,3.331e-05,6.5657e-05,3.6331e-05,2.7713e-05,3.3746e-05,1.4176e-05,4.1999e-05,5.768e-05,2.841e-05,3.2192e-05,2.8784e-05,7.0776e-05
4.6048e-05,1.8311e-05,5.6614e-05,8.6406e-06,8.8467e-05,0.00027569,5.1e-05,1.9723e-05,4.5033e-05,1.7361e-05,1.5476e-05,5.7402e-05,4.0987e-05,0.0004296,1.2999e-05,8.8222e-05,0,8.5893e-06,2.9608e-05,0.0001943,1.4345e-05,3.2435e-05,2.354e-05,6.1459e-05,3.2346e-05,8.8279e-05,0.00010159,3.4553e-05,2.8554e-05,1.9001e-05,2.5125e-05,4.3894e-05,3.7257e-05,3.019e-05,2.2206e-05,9.9605e-05,1.157e-05,7.9517e-05,3.9922e-05,7.5312e-05,2.2653e-05,1.8237e-05,8.0856e-06,2.6657e-05,2.0567e-05,3.9572e-05,1.5801e-05,5.2015e-05,3.5439e-05,8.3571e-06,1.4837e-05,1.9852e-05,4.3476e-05,5.02e-05,3.1486e-05,2.2427e-05,1.9106e-05,0.00014314,2.1861e-05,3.2868e-05,1.9721e-06,5.3416e-05,3.9133e-05,7.3633e-05,5.6621e-05,2.2782e-06,4.5667e-06,3.1625e-05,1.3138e-05,8.282e-05,1.7161e-05,5.8494e-05,1.6772e-05,7.9257e-06,2.4359e-05,4.85e-05,7.8829e-05,9.4744e-05,4.6079e-05,3.4984e-05,2.8997e-05,4.277e-05,6.8104e-05,5.1923e-05,1.1566e-05,0.00046477,9.8258e-06,6.1918e-05,3.7198e-05,3.7904e-05,4.2841e-05,1.4753e-05,1.2814e-05,1.6788e-05,4.7856e-05,2.014e-05,4.8678e-05,9.007e-05,3.2247e-05,6.9752e-05,1.804e-05,2.0079e-05,4.2278e-05,3.4039e-05,0.00012791,3.978e-05,3.165e-05,2.193e-05,3.2604e-05,2.0046e-05,7.6027e-05,3.3248e-05,3.079e-05,4.3052e-05,5.6458e-05,3.6769e-05,9.6806e-05,9.7627e-05,6.982e-05,5.0166e-05,4.1798e-05,9.3106e-05
0.00019718,8.5133e-05,6.2961e-05,0.00011256,0.00014584,2.5926e-05,4.8222e-05,0.00011521,8.5843e-05,7.0779e-05,7.5344e-05,0.00010226,0.00016876,2.994e-05,2.3645e-06,1.7096e-05,8.5893e-06,0,0.00011159,1.7524e-05,0.00020982,4.241e-05,7.6522e-05,3.0842e-05,4.3205e-05,0.00022393,2.3156e-05,0.00038402,3.8418e-05,2.7263e-05,2.067e-05,4.6416e-05,3.5438e-05,3.9756e-05,4.524e-05,0.00010853,1.3013e-05,0.00011982,4.8317e-05,2.2805e-05,1.6354e-05,9.538e-05,2.2328e-05,1.4363e-05,8.0897e-06,2.6335e-05,5.796e-05,4.723e-05,3.3707e-05,6.258e-05,1.8737e-05,1.2986e-05,3.0898e-05,2.9968e-05,1.902e-05,1.7231e-05,3.0384e-05,1.4597e-05,2.0763e-05,1.7735e-05,2.1264e-05,6.4458e-05,9.4744e-05,6.8294e-05,0.00011957,7.3873e-05,3.4972e-05,1.8651e-05,0.00018594,2.6441e-05,2.7223e-05,7.024e-05,1.5865e-05,3.3619e-06,0.00014323,3.1096e-05,3.6557e-05,6.7992e-05,4.015e-05,4.8342e-05,0.00021768,2.6162e-05,6.6815e-05,3.9215e-05,6.7163e-05,0.00037006,2.7402e-05,0.00011606,0.00010507,5.4674e-05,6.0914e-05,0.00029842,8.9196e-05,4.213e-05,5.2907e-05,4.2588e-05,2.354e-05,9.3023e-05,1.2258e-05,1.0234e-05,3.0774e-05,1.2281e-05,4.1464e-05,0.000125,4.2796e-05,9.8089e-06,3.0976e-05,0.00017769,1.9332e-05,1.8145e-05,3.7192e-05,9.2116e-05,6.3086e-05,8.46e-06,3.1453e-05,1.4037e-05,6.2437e-05,6.6517e-05,3.4197e-05,1.7233e-05,1.0483e-05,6.5199e-05
0.00011595,0.00038834,3.1553e-05,0.00012837,4e-05,4.1905e-05,7.5484e-05,0.00013436,0.00036922,4.7093e-05,3.9316e-05,0.00011571,8.4024e-05,0.00025886,8.7012e-05,0.00013006,2.9608e-05,0.00011159,0,2.5864e-05,0.00018138,0.00019037,4.9476e-05,4.6635e-05,0.0004116,0.00033796,7.1034e-05,1.9087e-05,5.7164e-05,3.7496e-05,4.8752e-05,8.755e-05,3.2457e-05,0.00013207,0.00023427,7.9297e-05,8.5616e-05,4.9197e-05,1.9618e-05,1.7584e-05,7.6063e-05,0.00018435,5.3269e-05,9.0261e-05,2.6529e-05,3.8639e-05,0.00011012,9.8971e-06,3.0328e-05,0.00034282,5.8028e-05,3.1495e-05,5.2883e-05,3.987e-05,6.9225e-05,4.2242e-05,3.3106e-06,0.0001033,5.2498e-05,7.4067e-05,6.2447e-05,3.3463e-05,4.9358e-05,5.4942e-05,6.995e-05,3.1652e-05,0.00014306,2.4221e-05,0.00024363,0.00019641,5.472e-05,5.4291e-05,6.0948e-05,1.8067e-05,0.00033757,4.0656e-05,1.9243e-05,5.5077e-05,7.6321e-05,1.8972e-05,2.9258e-05,2.7495e-05,2.0255e-05,2.909e-05,8.1036e-05,0.00067046,4.9452e-05,0.00020798,5.7492e-05,3.3747e-05,2.1023e-05,6.2012e-05,0.00043852,7.3756e-05,1.026e-05,1.2385e-05,9.7534e-05,7.4563e-05,3.4683e-05,4.4166e-05,3.7472e-05,2.0648e-05,3.2552e-05,5.2819e-05,9.867e-06,2.9726e-05,2.987e-05,7.582e-05,3.4469e-05,8.8276e-05,3.9394e-05,6.048e-05,2.5311e-05,7.942e-05,2.3175e-05,3.0621e-05,5.0619e-05,3.1285e-05,5.0357e-05,4.289e-05,3.9912e-05,5.9218e-05
0.0001059,3.5514e-05,2.2533e-05,0.00019759,4.1553e-05,5.9482e-05,4.8104e-05,3.2738e-05,6.4441e-05,1.615e-05,0.00015346,0.0001073,0.0001709,0.00012042,2.2929e-05,0.00017926,0.0001943,1.7524e-05,2.5864e-05,0,3.3833e-05,4.862e-05,1.8364e-05,0.00013754,0.00020879,1.7251e-05,0.00010693,3.8296e-05,5.0965e-05,6.6763e-05,3.5368e-05,8.7456e-06,3.6329e-05,5.6658e-05,2.4105e-05,5.1609e-05,5.3338e-05,3.7877e-05,6.501e-05,0.00031486,4.5854e-05,0.00012032,1.5803e-05,6.6189e-05,2.4726e-05,2.3582e-05,2.4544e-05,1.6744e-05,2.4037e-05,0.00011594,4.4757e-05,1.8557e-05,3.2693e-05,4.409e-05,2.7615e-05,3.0802e-05,3.7373e-05,5.3054e-05,1.9388e-05,4.2684e-05,2.5478e-05,7.2269e-05,0.00012977,0.00014437,6.1141e-05,3.8393e-05,7.7685e-05,3.2969e-05,3.4321e-05,8.6732e-05,4.1721e-05,3.5133e-05,2.1272e-07,2.432e-05,2.3071e-05,1.6121e-05,7.1839e-05,8.7874e-05,2.2875e-05,0.00015911,1.9376e-05,2.0462e-05,0.00013782,1.0324e-05,3.9304e-05,0.00061584,3.724e-05,9.1254e-06,5.2745e-05,6.021e-05,3.2384e-05,2.6127e-05,1.8366e-05,3.1433e-05,5.6514e-05,9.4953e-05,7.9992e-05,9.4392e-05,3.7789e-05,4.2825e-06,3.333e-05,3.2132e-05,0.00012081,9.3816e-06,2.4123e-05,1.1171e-05,9.0403e-05,2.6128e-05,5.4375e-06,3.4943e-05,3.1788e-05,3.4933e-05,4.156e-05,5.5824e-05,9.0683e-06,2.0147e-05,6.4113e-05,4.6217e-05,4.0642e-05,2.7372e-05,4.2972e-05,5.6192e-05
0.00039293,0.0001864,0.00021731,0.00027419,3.7986e-05,2.142e-05,8.0423e-05,5.982e-05,0.00011197,0.00016948,0.00011226,0.000148,0.00039206,1.7414e-05,8.0921e-06,1.4503e-05,1.4345e-05,0.00020982,0.00018138,3.3833e-05,0,2.9107e-05,0.00033029,0.00011295,3.6934e-05,0.00027816,2.797e-05,9.2904e-05,9.8575e-05,3.3022e-05,5.1477e-05,5.2498e-05,5.8047e-05,3.22e-05,4.171e-05,0.00012441,7.1558e-06,0.00012953,3.2423e-05,3.3382e-05,1.3828e-05,7.569e-05,2.1663e-05,-1.9795e-06,1.309e-05,1.9673e-05,6.3279e-05,3.8412e-05,4.3377e-05,0.00022675,7.2746e-06,3.4578e-05,2.3378e-05,2.2209e-05,9.3015e-06,1.5292e-05,3.3327e-05,2.2138e-05,2.2859e-05,2.8269e-05,2.2856e-05,0.00010272,8.2763e-05,0.00010043,0.00017182,4.3159e-05,0.0002178,2.2869e-05,0.0002395,2.3639e-05,2.8927e-05,4.7026e-05,1.3406e-05,8.0749e-06,0.00020304,4.148e-05,7.3313e-05,6.8088e-05,3.0679e-05,0.00015453,8.0856e-05,1.1898e-05,0.00013666,5.3422e-05,0.00031285,0.00032971,2.69e-05,5.3034e-05,2.3895e-05,6.3426e-05,9.1794e-05,8.6457e-05,0.00042444,0.0001078,2.9847e-05,4.5852e-05,0.00011471,8.0591e-05,1.2064e-05,1.6566e-05,4.9907e-05,2.0762e-05,8.4671e-05,5.0335e-05,9.5293e-05,1.9761e-05,4.8598e-05,9.092e-05,3.719e-05,0.00017245,6.9176e-05,2.9546e-05,0.00010092,3.5646e-05,3.8522e-05,2.3236e-05,0.00011364,9.6273e-05,4.0065e-05,2.2978e-05,3.1629e-05,4.8972e-05
3.153e-05,9.1723e-05,3.1134e-05,3.427e-05,6.5621e-05,3.6299e-05,3.0783e-05,0.00020044,3.1125e-05,0.00014646,0.00018592,9.9992e-05,4.454e-05,6.3947e-05,1.5992e-05,2.9381e-05,3.2435e-05,4.241e-05,0.00019037,4.862e-05,2.9107e-05,0,7.3674e-05,2.0625e-05,0.00026143,0.00016847,1.8256e-05,3.6065e-05,4.858e-05,6.5122e-05,1.9984e-05,0.00033463,3.9822e-05,5.0965e-05,0.00026161,9.0928e-05,0.00018579,2.4636e-05,1.6571e-05,3.2992e-05,8.8679e-05,4.9814e-05,5.7645e-05,1.556e-05,4.5167e-05,2.3342e-05,5.6731e-05,6.1657e-05,5.0301e-05,9.6686e-05,0.00010818,3.9083e-05,2.1763e-05,2.5076e-05,3.8132e-05,1.895e-05,0.00014891,1.4381e-05,4.5152e-05,3.1178e-05,1.5562e-05,3.0577e-05,5.4145e-05,4.0276e-05,2.6753e-05,0.00024412,9.8296e-05,4.8357e-06,4.9178e-05,4.0247e-05,4.4649e-05,3.9436e-05,7.3717e-06,2.1025e-05,3.2716e-05,2.2899e-05,7.8191e-06,1.8113e-05,2.8388e-06,8.3623e-05,2.978e-05,5.4637e-05,4.9399e-05,1.6954e-05,4.6839e-05,0.00047442,1.2463e-05,1.7093e-05,3.2096e-05,4.298e-05,2.3609e-05,7.8637e-05,0.00016529,3.4473e-05,2.4147e-05,3.4688e-05,2.5014e-05,3.5783e-05,4.5909e-05,6.3633e-06,1.9558e-05,1.4975e-05,4.0795e-05,5.6606e-06,1.1384e-05,3.046e-05,4.6582e-05,3.1848e-05,1.9671e-05,3.5154e-05,1.8205e-05,5.1019e-05,1.8133e-05,3.4615e-05,1.831e-05,1.6766e-05,4.9367e-05,1.9934e-05,2.7697e-05,2.3263e-05,6.7873e-06,2.443e-05
0.00015496,2.0205e-05,0.00037079,6.3383e-05,9.0007e-05,3.3779e-05,4.8549e-05,6.292e-05,3.8055e-05,0.00019171,1.5605e-05,0.00026205,0.00024224,2.5936e-05,6.5229e-05,2.0193e-05,2.354e-05,7.6522e-05,4.9476e-05,1.8364e-05,0.00033029,7.3674e-05,0,0.00019806,2.9179e-05,0.00022226,6.4708e-05,0.00021236,2.7846e-05,3.9675e-05,0.00015563,8.4354e-05,0.00021171,3.5257e-05,7.7623e-05,0.00012328,2.051e-05,0.00015513,7.2494e-05,2.173e-05,1.7703e-05,3.4051e-05,1.9026e-05,4.28e-05,2.4449e-05,3.3851e-05,8.6735e-05,5.9389e-05,5.2104e-05,8.0117e-05,8.5052e-06,4.1497e-05,2.9708e-05,4.2212e-05,1.9494e-05,2.1195e-05,1.481e-05,7.9284e-06,3.065e-05,2.6707e-05,1.4564e-05,9.1372e-05,8.0821e-05,7.3742e-05,0.00014039,4.3791e-05,0.00020434,4.8531e-05,6.9593e-05,5.1013e-05,2.565e-05,5.089e-05,3.9736e-05,2.414e-05,3.0081e-05,8.9459e-05,9.9327e-05,7.9874e-05,1.8039e-05,2.7077e-05,5.3922e-05,2.322e-05,6.7137e-05,5.8681e-05,0.00043065,0.00036739,2.9048e-05,1.9776e-05,2.51e-05,3.1431e-05,0.00012519,0.00011158,0.00017604,7.1914e-05,3.0096e-05,0.00016817,8.6056e-05,8.5286e-05,2.8629e-05,4.6058e-05,4.3927e-05,3.3433e-05,2.7221e-05,3.1881e-05,9.8476e-05,2.8685e-05,5.3348e-05,3.8364e-05,2.6516e-05,0.00016261,6.3085e-05,2.9074e-05,0.00011658,4.189e-05,2.7218e-05,9.9771e-06,7.733e-05,6.997e-05,4.5321e-05,1.8305e-05,2.7957e-05,5.2928e-05
6.7472e-05,-7.074e-06,0.000123,6.8096e-05,3.2747e-05,6.7191e-06,2.1828e-05,2.6361e-05,3.3378e-05,5.1603e-05,2.4298e-05,0.00013308,0.00022444,1.7448e-05,9.4237e-05,0.00023781,6.1459e-05,3.0842e-05,4.6635e-05,0.00013754,0.00011295,2.0625e-05,0.00019806,0,8.0715e-05,1.6342e-05,2.9513e-05,2.7604e-05,3.1277e-05,5.3801e-05,0.00017873,1.2905e-05,0.00021151,3.6818e-05,0.00012731,3.1182e-05,2.0167e-05,3.3835e-05,2.746e-05,0.00011036,8.9852e-05,3.4608e-05,7.9057e-06,2.8241e-05,4.1032e-05,1.3683e-05,1.6445e-05,1.4433e-05,1.962e-05,8.9155e-05,3.9992e-05,8.5392e-06,1.4474e-05,3.1726e-05,6.1238e-06,8.7411e-06,2.9294e-05,1.8086e-05,3.2656e-05,9.0777e-06,2.9059e-05,5.5942e-05,9.0097e-05,7.8221e-05,4.3998e-05,2.5344e-05,0.00023837,2.2583e-05,1.638e-05,9.8207e-05,0.00010571,2.956e-05,3.1631e-05,1.2515e-05,1.9056e-05,3.1189e-05,5.8061e-05,5.098e-05,5.4873e-05,7.2185e-05,2.959e-05,1.2621e-05,5.6305e-05,2.1346e-05,0.00020009,0.00056498,2.8016e-05,0.00010481,4.8946e-05,2.17e-05,4.8036e-05,1.2001e-05,4.8363e-05,0.00011224,2.327e-05,7.9918e-06,5.8021e-05,7.5133e-05,1.6874e-05,3.2581e-05,1.838e-05,2.2998e-05,6.7189e-05,6.4268e-05,7.0193e-05,1.2624e-05,2.8737e-05,2.5434e-05,2.1864e-06,0.00013153,3.0384e-05,1.9122e-05,5.2853e-05,3.515e-05,7.8737e-06,5.6577e-06,4.581e-05,3.662e-05,2.2135e-05,8.5498e-06,9.726e-06,3.8072e-05
3.1108e-05,0.00010973,2.6093e-05,1.9499e-05,4.1078e-05,2.3171e-05,4.0244e-05,0.00010253,9.6556e-05,5.9717e-05,4.3273e-05,0.000102,2.8631e-05,6.3822e-05,5.6185e-05,0.0001404,3.2346e-05,4.3205e-05,0.0004116,0.00020879,3.6934e-05,0.00026143,2.9179e-05,8.0715e-05,0,0.00031693,1.4913e-05,2.1112e-05,3.2613e-05,7.2202e-05,2.4399e-05,0.0001211,2.1747e-05,2.2223e-05,0.00016059,6.6673e-05,0.00012976,8.4897e-05,9.0545e-07,0.00019031,0.00022154,4.2578e-05,9.2513e-05,2.5899e-05,2.8588e-05,2.0786e-05,0.00034058,1.9994e-05,4.6529e-05,6.3603e-05,9.3947e-05,7.7779e-05,1.6489e-05,9.2084e-06,2.2997e-05,1.6479e-05,2.6926e-05,2.1161e-05,9.9664e-05,4.3338e-05,2.6349e-05,-6.4171e-07,2.6985e-05,3.1711e-05,6.8175e-05,0.00010307,3.7574e-05,4.6594e-06,6.6096e-05,0.00012639,9.473e-05,3.7185e-05,1.119e-05,3.8328e-05,8.3226e-05,2.0656e-05,3.3786e-06,3.4475e-05,2.4163e-05,1.1683e-05,1.2024e-05,3.7802e-05,2.1944e-05,1.3261e-05,3.2226e-05,0.00070048,1.9534e-05,5.5375e-05,4.7172e-05,1.2862e-05,1.369e-05,3.1504e-05,0.00016911,3.288e-05,6.6928e-06,1.2346e-05,7.7852e-05,4.2532e-05,2.1695e-05,4.7216e-06,3.132e-05,1.7938e-05,2.0581e-05,8.7034e-06,-8.7268e-06,1.9406e-05,2.7266e-05,3.6938e-05,9.3916e-06,5.6748e-05,1.3898e-05,5.3819e-05,2.8306e-05,5.7551e-05,1.0867e-05,1.5098e-05,2.9857e-05,1.1367e-05,2.4883e-05,3.333e-05,3.6048e-05,3.1988e-05
0.00022347,0.00046172,0.00012833,0.0002159,0.00016536,0.00017235,4.2493e-05,7.427e-05,0.00034184,3.5227e-05,9.3261e-05,4.8202e-05,0.00021074,0.00025045,0.00010377,2.9593e-05,8.8279e-05,0.00022393,0.00033796,1.7251e-05,0.00027816,0.00016847,0.00022226,1.6342e-05,0.00031693,0,8.6585e-05,7.9254e-05,4.7954e-05,4.9818e-06,3.4607e-05,0.00033375,2.5803e-05,8.2517e-05,0.00017794,0.00032396,5.9444e-05,0.00038476,4.1982e-05,1.0971e-05,0.00019476,0.00019,0.00012953,3.1025e-05,7.6616e-07,5.5214e-05,0.00032368,0.00010939,0.00015215,0.00031282,4.1325e-05,7.1602e-05,1.4791e-05,-5.9539e-06,1.6841e-05,2.4212e-05,3.0947e-05,8.0432e-05,0.00017503,3.2814e-05,6.6002e-05,3.7545e-05,9.5891e-05,5.2553e-06,0.00034941,9.2762e-05,0.00026846,2.6329e-05,0.00039345,0.00023067,7.3387e-05,7.8434e-05,5.398e-05,5.5903e-06,0.00041034,2.2194e-05,2.5207e-05,5.2791e-05,8.1712e-05,4.0731e-05,8.7226e-05,2.4502e-05,2.9111e-05,2.8998e-05,0.00019226,0.00070218,3.8122e-05,0.00021985,0.00013615,1.5092e-05,3.8006e-05,0.00022453,0.00053654,8.3818e-05,1.4312e-05,5.3845e-05,0.00014189,3.889e-05,4.3984e-05,3.1206e-05,6.3642e-05,2.5376e-05,5.2046e-05,0.00011318,1.4332e-05,3.7653e-05,5.4405e-05,9.912e-05,4.8579e-05,0.000187,2.2881e-05,0.00018951,5.974e-05,0.00011521,3.7243e-05,3.1142e-05,6.0027e-05,2.9705e-05,6.7081e-05,7.8089e-05,9.1179e-05,6.8874e-05
3.7329e-05,4.1987e-05,1.4686e-05,3.7598e-05,2.9859e-05,1.5004e-05,8.3242e-05,5.8634e-05,0.0002232,4.6129e-05,0.0001186,1.4222e-05,3.768e-06,0.00019525,6.4158e-05,8.7881e-06,0.00010159,2.3156e-05,7.1034e-05,0.00010693,2.797e-05,1.8256e-05,6.4708e-05,2.9513e-05,1.4913e-05,8.6585e-05,0,3.49e-05,5.0407e-05,1.3102e-05,6.4931e-05,2.3583e-05,8.0043e-05,1.773e-05,4.8182e-05,6.5742e-05,3.5198e-05,5.5272e-05,8.9818e-05,3.7238e-05,1.5216e-05,2.2889e-05,1.1824e-05,4.2417e-05,4.3592e-06,6.7632e-05,1.2788e-05,3.3894e-05,4.0739e-05,2.6652e-05,9.6377e-06,8.6487e-06,3.9692e-05,3.8307e-05,3.8679e-05,2.3183e-05,6.4173e-06,1.3296e-05,2.6128e-05,2.7347e-05,4.9332e-05,9.7713e-05,1.8589e-06,0.00016406,9.847e-05,1.771e-05,8.0004e-06,3.3077e-05,1.7823e-05,1.8066e-05,2.0968e-05,2.4151e-05,1.2265e-05,1.358e-05,2.3391e-05,3.4022e-05,7.8e-05,4.9832e-05,1.3936e-05,0.00015301,1.272e-05,2.4688e-05,0.00013309,4.5735e-05,4.3375e-05,0.00034471,2.1524e-05,2.3674e-05,5.0013e-05,6.3082e-05,1.5181e-05,3.0292e-05,3.2191e-05,3.4256e-05,3.4252e-05,0.00010208,5.1124e-05,5.8253e-05,1.3995e-05,2.3461e-05,2.9171e-05,2.0386e-05,8.5097e-05,9.7667e-06,5.3944e-05,1.4729e-05,6.8088e-05,1.7571e-05,3.2757e-05,3.2771e-05,4.7798e-05,2.0168e-05,1.8322e-05,4.029e-05,4.031e-05,1.9429e-05,8.8246e-05,7.395e-05,5.6962e-05,3.6884e-05,1.4452e-05,8.431e-05
0.0001119,4.1515e-05,0.00014894,5.106e-05,0.00037073,6.0626e-05,0.00028318,0.0001878,6.3683e-05,8.9519e-05,2.3033e-05,0.00030519,0.00019189,5.4429e-05,2.544e-05,0.00014832,3.4553e-05,0.00038402,1.9087e-05,3.8296e-05,9.2904e-05,3.6065e-05,0.00021236,2.7604e-05,2.1112e-05,7.9254e-05,3.49e-05,0,0.00021147,5.9341e-05,6.8248e-05,3.2939e-05,5.3422e-05,5.6271e-05,9.2972e-05,6.0466e-05,1.6149e-05,9.233e-05,7.6623e-05,3.1223e-05,2.5456e-05,2.8869e-05,7.0678e-06,4.2248e-05,2.4537e-05,1.5608e-05,2.3816e-05,3.7863e-05,3.6176e-05,3.8811e-05,3.1061e-05,1.3719e-05,2.6244e-05,3.3265e-05,9.4515e-06,1.8945e-05,3.2346e-05,2.7811e-05,1.7385e-05,2.3133e-05,1.8853e-05,2.8822e-05,0.00016266,4.2079e-05,3.8548e-05,6.7381e-05,2.9288e-05,1.1803e-05,7.0623e-05,4.2201e-05,3.2808e-05,5.0379e-05,2.2642e-05,1.5044e-05,2.8189e-05,5.2089e-05,2.4377e-05,4.8282e-05,2.245e-05,0.00017237,0.00011049,5.1632e-05,2.8463e-05,3.8154e-05,0.00012686,0.0004149,2.0645e-05,2.885e-05,0.00017506,2.9205e-05,0.00013802,0.0004955,4.085e-05,2.2697e-05,4.8688e-05,0.00011583,1.5973e-05,7.1787e-05,2.1586e-05,3.3604e-05,4.1662e-05,1.9836e-05,0.00010093,6.46e-05,4.1292e-05,1.9433e-05,2.9295e-05,9.2144e-05,1.2555e-05,2.3315e-05,1.9977e-05,0.00015019,0.00013378,1.9178e-05,2.8983e-05,2.6827e-05,3.6583e-05,4.5742e-05,2.3319e-05,1.7483e-05,3.6357e-05,5.0007e-05
5.6867e-05,0.00017766,1.8227e-05,0.00017153,4.1496e-05,3.2975e-05,0.00021886,2.2454e-05,0.00017632,2.692e-06,0.00017154,5.203e-05,4.5289e-05,8.3487e-05,8.6505e-05,0.00015276,2.8554e-05,3.8418e-05,5.7164e-05,5.0965e-05,9.8575e-05,4.858e-05,2.7846e-05,3.1277e-05,3.2613e-05,4.7954e-05,5.0407e-05,0.00021147,0,2.4452e-05,9.0903e-05,2.1461e-05,0.00025827,6.7699e-05,4.2261e-05,1.5944e-05,1.9585e-05,3.1507e-05,9.5463e-05,2.7245e-05,3.3364e-05,7.9188e-05,2.6967e-05,2.6477e-05,1.8964e-05,1.3257e-05,4.504e-05,9.642e-06,3.5902e-05,0.00016552,3.8e-05,1.1687e-05,2.2524e-05,2.4987e-05,2.0452e-05,8.9001e-06,4.0688e-05,2.1853e-05,2.58e-05,1.925e-05,1.9153e-05,4.9023e-05,3.5613e-05,4.0269e-05,4.3317e-05,2.8824e-05,0.00010441,-8.946e-06,0.00011111,0.000101,3.5009e-05,4.7658e-05,1.6558e-05,1.5264e-05,0.0001702,3.5951e-05,-1.5398e-06,4.5138e-05,3.8204e-05,0.00033399,1.4918e-05,3.643e-05,0.0001202,1.9418e-05,6.1169e-05,0.00056347,3.4515e-05,7.1369e-05,3.2332e-05,0.00015267,0.00014973,6.126e-05,0.00021867,4.9734e-05,1.814e-05,0.00014057,6.3771e-05,6.5689e-05,2.7613e-05,2.8721e-05,0.00014983,4.2234e-05,0.00017785,2.8154e-05,2.5635e-05,2.1635e-05,8.5015e-05,6.7106e-05,1.6926e-05,3.7058e-05,1.9352e-05,2.7662e-05,3.1542e-05,4.5438e-05,2.2241e-05,3.7005e-05,2.6472e-05,2.8821e-05,1.6253e-05,2.7373e-05,1.2485e-05,4.8502e-05
4.1894e-05,-4.1616e-06,5.0916e-05,2.8003e-05,2.2083e-05,3.2218e-06,3.4953e-06,2.7967e-05,3.2211e-06,4.237e-05,5.3624e-05,0.00013659,5.8935e-05,2.0992e-06,0.00015806,4.0403e-05,1.9001e-05,2.7263e-05,3.7496e-05,6.6763e-05,3.3022e-05,6.5122e-05,3.9675e-05,5.3801e-05,7.2202e-05,4.9818e-06,1.3102e-05,5.9341e-05,2.4452e-05,0,3.9426e-05,1.3239e-05,2.2382e-05,2.0512e-05,8.2894e-05,8.0693e-06,0.00040048,2.1382e-05,1.0035e-05,7.444e-05,5.6388e-05,2.0104e-05,0.00013669,2.8839e-06,0.00049718,3.0108e-05,2.0369e-05,1.3862e-05,2.2184e-05,1.3195e-05,0.00028397,4.074e-05,3.2324e-05,2.0702e-05,2.1092e-05,2.5858e-05,3.7371e-05,1.9484e-05,2.3503e-05,2.7731e-05,2.902e-05,1.8971e-05,3.308e-05,2.3266e-05,1.2255e-05,4.0657e-05,6.9498e-06,4.7005e-06,6.4877e-07,3.637e-05,4.0369e-05,9.392e-06,3.6176e-06,3.4176e-05,-4.1487e-06,2.2903e-05,2.569e-05,2.3133e-05,1.3604e-05,1.3485e-05,4.6686e-06,6.7285e-05,2.0618e-05,2.2987e-05,5.1917e-06,0.00056974,5.8261e-05,1.3685e-05,3.8171e-05,1.4058e-05,3.5063e-05,5.8176e-06,1.6141e-05,2.1911e-05,1.2648e-05,-4.2793e-07,4.6163e-05,3.6404e-05,2.6277e-05,9.7331e-06,1.5938e-05,2.2031e-05,8.5086e-06,-6.6077e-06,2.7584e-05,1.3964e-05,9.0752e-06,1.7311e-05,1.992e-05,6.215e-05,1.4654e-05,5.0047e-05,9.5193e-05,2.3425e-05,6.0289e-06,2.1873e-05,3.3572e-05,2.5635e-05,2.6074e-05,2.7767e-05,3.2122e-05,2.7045e-05
