0,-54.708,-62.804,-51.326,-57.773,-63.249,-59.872,-66.131,-58.835,-77.008,-54.097,-63.043,-52.146,-57.667,-57.372,-56.671,-56.798,-59.193,-61.512,-56.819,-53.166,-71.715,-56.224,-73.452,-66.996,-56.146,-56.441,-57.652,-63.168,-50.89,-70.471,-59.324,-63.669,-67.721,-73.099,-61.322,-60.74,-59.891,-63.481,-51.001,-51.184,-71.585,-57.034,-52.86,-58.507,-54.937,-54.383,-62.126,-74.646,-55.668,-46.744,-51.396,-57.967,-64.206,-53.296,-57.899,-55.11,-63.34,-54.562,-72.866,-50.429,-54.657,-54.144,-50.471,-56.014,-66.826,-58.709,-62.423,-57.092,-60.177,-63.782,-68.122,-63.735,-58.484,-62.739,-61.27,-59.429,-51.323,-66.411,-58.152,-65.147,-57.052,-67.992,-58.74,-55.755,-51.798,-64.735,-66.359,-60.077,-66.038,-64.628,-50.379,-56.728,-69.048,-58.943,-64.741,-75.858,-58.764,-64.218,-59.886,-68.452,-53.803,-75.424,-59.489,-64.391,-75.478,-59.347,-87.402,-55.712,-68.474,-57.094,-67.06,-46.958,-57.666,-65.352,-55.193,-61.183,-59.174,-52.396,-61.683,-46.391,-53.838
-54.708,0,-63.926,-53.07,-60.972,-57.564,-57.684,-76.567,-56.801,-83.644,-56.382,-61.62,-52.465,-59.816,-64.686,-51.451,-56.98,-67.943,-49.313,-56.203,-55.422,-59.594,-71.958,-54.414,-54.012,-63.745,-62.314,-64.471,-69.808,-50.573,-58.16,-56.637,-63.302,-60.224,-65.931,-61.007,-61.49,-56.488,-70.796,-59.585,-57.71,-58.291,-66.365,-63.32,-57.178,-53.148,-56.886,-64.364,-67.26,-52.167,-53.633,-55.72,-57.453,-59.81,-61.636,-61.775,-61.12,-61.226,-63.042,-61.159,-50.483,-55.566,-56.863,-50.697,-53.09,-58.254,-53.033,-58.935,-54.778,-65.633,-57.516,-61.68,-58.712,-57.397,-65.405,-74.567,-58.296,-49.972,-64.785,-51.833,-78.387,-48.512,-57.925,-60.754,-57.681,-52.369,-78.642,-68.719,-56.936,-73.074,-67.027,-57.889,-68.026,-80.011,-53.924,-56.884,-79.243,-56.437,-60.416,-66.428,-61.039,-52.253,-71.462,-60.176,-62.962,-60.279,-63.032,-64.535,-61.972,-59.624,-68.397,-63.288,-59.225,-62.973,-63.691,-51.792,-55.927,-61.111,-50.953,-70.933,-53.572,-73.636
-62.804,-63.926,0,-70.087,-48.099,-54.082,-53.051,-66.113,-77.234,-65.38,-64.9,-52.268,-62.916,-54.03,-64.656,-51.189,-49.722,-55.202,-89.694,-58.182,-55.913,-71.045,-53.138,-56.191,-63.808,-67.895,-45.464,-50.951,-64.101,-56.933,-65.434,-61.482,-56.649,-81.913,-64.324,-59.387,-75.863,-60.328,-70.709,-55.787,-63.653,-67.691,-53.988,-47.705,-54.835,-53.382,-69.48,-53.357,-59.481,-66.699,-56.838,-52.655,-56.822,-56.587,-72.492,-62.639,-67.464,-57.009,-60.109,-66.376,-58.366,-84.773,-56.35,-77.907,-60.885,-67.684,-65.528,-77.514,-54.699,-64.519,-54.226,-60.968,-55.901,-70.164,-61.479,-62.527,-66.61,-60.097,-58.974,-67.268,-75.922,-71.968,-68.634,-53.81,-57.961,-53.886,-69.97,-59.531,-67.797,-79.743,-70.204,-56.018,-76.184,-70.759,-69.834,-58.952,-77.371,-65.607,-72.218,-52.686,-91.782,-63.787,-78.424,-56.741,-64.403,-62.829,-70.989,-81.853,-53.03,-77.049,-60.298,-57.64,-50.447,-65.725,-52.414,-65.633,-53.223,-61.295,-47.197,-55.855,-57.742,-53.149
-51.326,-53.07,-70.087,0,-67.528,-60.08,-58.443,-77.993,-55.096,-84.025,-50.2,-78.52,-51.464,-54.982,-55.349,-53.232,-58.392,-80.774,-64.216,-52.484,-49.722,-58.857,-79.647,-75.406,-57.729,-57.602,-67.932,-67.189,-78.064,-48.204,-65.28,-66.065,-75.423,-63.161,-75.026,-62.657,-52.482,-62.144,-77.312,-47.683,-51.263,-48.834,-56.368,-61.024,-65.453,-52.511,-55.466,-66.863,-68.048,-55.291,-50.79,-57.048,-58.4,-67.79,-53.571,-58.523,-66.336,-63.826,-55.869,-54.862,-52.501,-50.258,-52.724,-50.048,-56.264,-69.314,-50.544,-56.58,-67.216,-58.55,-64.514,-69.422,-64.821,-59.925,-51.17,-60.027,-58.551,-59.883,-60.669,-49.691,-76.127,-60.049,-53.561,-74.278,-56.471,-51.127,-60.369,-57.422,-72.802,-53.781,-81.661,-59.301,-53.42,-67.747,-62.346,-55.181,-72.027,-58.696,-69.681,-72.154,-64.39,-79.215,-57.486,-70.929,-60.916,-59.415,-60.488,-76.896,-57.682,-59.026,-59.113,-60.243,-58.31,-55.364,-62.625,-60.921,-54.89,-61.896,-55.307,-59.228,-52.121,-52.331
-57.773,-60.972,-48.099,-67.528,0,-54.08,-51.023,-60.819,-60.628,-55.897,-61.996,-49.437,-78.057,-60.273,-58.596,-77.254,-54.455,-64.379,-82.287,-69.941,-81.688,-70.668,-63.401,-72.162,-65.658,-74.148,-54.386,-53.166,-67.965,-64.709,-71.304,-60.333,-75.424,-83.115,-71.63,-68.638,-63.953,-57.251,-75.409,-72.384,-68.199,-69.68,-58.23,-65.98,-55.435,-51.447,-70.343,-52.575,-61.138,-71.04,-63.939,-64.441,-57.621,-58.901,-57.545,-57.925,-70.701,-67.504,-66.295,-66.541,-60.086,-54.147,-59.717,-62.074,-52.345,-64.762,-70.616,-57.495,-59.758,-61.013,-63.13,-64.613,-56.732,-72.067,-57.07,-59.688,-50.493,-52.484,-56.905,-86.004,-61.964,-63.563,-70.129,-59.306,-61.568,-59.213,-64.451,-59.298,-67.367,-61.441,-61.562,-56.522,-82.36,-61.304,-72.481,-70.914,-62.87,-49.139,-64.244,-55.227,-63.239,-62.966,-72.835,-72.914,-56.336,-57.511,-66.214,-64.183,-49.897,-67.315,-50.275,-60.695,-68.945,-57.601,-54.136,-60.169,-57.117,-58.399,-52.263,-55.177,-62.584,-54.681
-63.249,-57.564,-54.082,-60.08,-54.08,0,-62.796,-59.872,-56.618,-62.127,-54.755,-59.516,-63.932,-53.646,-65.31,-58.623,-48.83,-60.959,-56.478,-58.964,-60.431,-63.382,-64.566,-58.489,-55.671,-52.357,-51.339,-61.814,-58.268,-55.051,-51.896,-64.635,-53.677,-69.458,-59.439,-53.466,-51.892,-50.863,-62.046,-64.261,-58.083,-65.917,-69.181,-60.925,-59.866,-50.803,-51.44,-47.721,-49.781,-66.19,-51.968,-49.87,-56.317,-62.925,-57.589,-55.105,-73.534,-60.006,-57.431,-65.15,-59.036,-49.211,-64.078,-53.495,-52.239,-55.865,-60.749,-54.578,-59.16,-68.855,-55.348,-50.597,-52.566,-59.398,-61.174,-69.065,-49.656,-49.678,-62.041,-64.842,-59.509,-59.524,-52.078,-46.247,-65.268,-56.463,-66.848,-65.49,-68.325,-48.884,-54.411,-62.267,-62.959,-48.606,-52.789,-66.189,-62.556,-54.927,-52.92,-50.515,-52.611,-48.208,-74.004,-68.614,-57.026,-50.626,-70.988,-59.324,-45.994,-55.597,-49.358,-57.555,-55.488,-60.888,-53.31,-66.864,-49.946,-48.974,-50.899,-46.867,-57.934,-46.529
-59.872,-57.684,-53.051,-58.443,-51.023,-62.796,0,-54.458,-52.963,-58.232,-60.997,-58.361,-67.889,-60.324,-54.541,-70.41,-55.003,-68.359,-57.879,-70.999,-83.319,-72.24,-64.023,-59.567,-56.403,-64.774,-48.123,-54.433,-51.754,-52.393,-69.532,-65.988,-55.811,-57.283,-62.552,-77.561,-56.757,-55.81,-57.898,-60.152,-56.212,-72.417,-47.063,-48.364,-50.484,-50.513,-54.286,-54.842,-53.868,-60.747,-74.834,-53.563,-70.123,-52.945,-55.299,-54.443,-73.361,-60.965,-51.903,-78.884,-61.822,-64.377,-61.79,-67.59,-63.191,-61.19,-62.677,-56.112,-61.475,-56.729,-57.556,-58.977,-48.135,-67.028,-56.649,-52.095,-64.845,-56.733,-55.755,-58.632,-55.231,-58.718,-65.5,-51.63,-69.625,-53.516,-66.758,-53.389,-66.605,-63.94,-49.288,-74.419,-63.324,-68.531,-62.452,-54.086,-64.315,-54.498,-65.334,-50.263,-57.914,-61.801,-64.455,-82.632,-62.753,-67.225,-57.159,-60.989,-54.091,-63.607,-49.345,-67.071,-58.356,-54.022,-47.808,-59.801,-52.052,-50.421,-50.335,-52.765,-61.108,-48.933
-66.131,-76.567,-66.113,-77.993,-60.819,-59.872,-54.458,0,-74.931,-49.731,-74.791,-63.159,-73.869,-53.44,-68.706,-59.651,-56.623,-82.76,-58.888,-81.257,-69.254,-54.278,-72.481,-68.694,-57.884,-68.357,-71.551,-60.754,-61.42,-56.454,-56.841,-61.139,-52.457,-52.479,-51.95,-59.313,-59.752,-61.974,-65.225,-68.998,-66.791,-71.526,-54.301,-52.229,-51.255,-67.681,-60.964,-52.489,-57.618,-68.124,-63.608,-73.579,-64.729,-62.695,-56.084,-57.74,-73.752,-54.472,-64.634,-60.177,-60.822,-59.413,-79.179,-53.22,-64.077,-53.763,-76.875,-56.56,-71.891,-55.093,-66.988,-73.668,-58.328,-74.789,-68.811,-54.253,-64.54,-64.148,-59.323,-55.871,-63.878,-61.319,-71.3,-62.213,-61.348,-56.874,-69.528,-79.573,-62.664,-63.369,-60.209,-70.782,-63.114,-72.781,-55.089,-59.421,-62.758,-62.149,-66.168,-60.182,-60.443,-70.387,-57.496,-67.52,-64.244,-64.909,-61.627,-68.197,-63.842,-62.176,-62.49,-58.658,-56.248,-55.554,-59.431,-71.043,-59.905,-59.465,-61.155,-74.991,-62.615,-60.142
-58.835,-56.801,-77.234,-55.096,-60.628,-56.618,-52.963,-74.931,0,-81.489,-49.817,-66.99,-48.209,-51.005,-63.516,-53.459,-57.91,-66.78,-70.326,-54.688,-56.969,-76.288,-58.59,-62.975,-63.374,-50.493,-53.343,-60.664,-69.39,-58.6,-54.27,-63.411,-55.044,-58.38,-61.706,-53.006,-60.613,-52.513,-60.135,-56.261,-52.025,-51.075,-58.099,-51.062,-60.221,-66.447,-54.949,-73.258,-73.475,-52.274,-62.822,-54.743,-64.002,-70.367,-65.353,-68.507,-69.819,-57.126,-42.853,-83.072,-54.593,-56.199,-60.952,-54.224,-52.646,-66.787,-61.393,-60.756,-57.212,-58.852,-60.693,-58.041,-58.987,-55.294,-51.416,-63.973,-59.518,-60.124,-59.035,-50.933,-69.513,-59.756,-54.7,-56.774,-60.811,-53.135,-79.905,-57.513,-64.573,-53.317,-69.675,-56.754,-58.196,-79.339,-76.112,-56.589,-67.418,-59.437,-65.148,-63.276,-52.998,-72.471,-61.758,-69.62,-55.791,-57.709,-63.935,-67.327,-50.451,-58.838,-54.114,-62.01,-71.89,-72.557,-61.116,-54.429,-56.312,-53.492,-55.755,-60.039,-63.135,-58.833
-77.008,-83.644,-65.38,-84.025,-55.897,-62.127,-58.232,-49.731,-81.489,0,-65.123,-61.019,-67.745,-69.256,-63.468,-58.217,-56.995,-75.699,-57.332,-59.88,-70.401,-57.104,-61.573,-63.044,-55.69,-70.451,-52.44,-52.956,-51.467,-51.036,-60.815,-58.432,-52.203,-55.079,-56.249,-66.292,-51.261,-61.421,-67.253,-58.729,-59.032,-75.945,-51.943,-59.041,-47.455,-56.037,-64.369,-57.908,-56.997,-85.631,-54.246,-61.794,-58.663,-62.195,-53.521,-52.291,-51.34,-52.557,-51.411,-59.347,-66.225,-56.063,-62.094,-59.99,-60.949,-50.065,-73.559,-55.799,-90.44,-53.15,-51.067,-61.824,-58.239,-57.672,-82.728,-54.586,-75.336,-75.965,-54.703,-51.508,-67.569,-64.132,-66.473,-52.072,-66.178,-53.775,-61.359,-57.524,-57.167,-61.1,-66.329,-66.942,-85.225,-73.069,-54.715,-56.664,-65.178,-66.527,-73.564,-51.081,-58.46,-63.129,-61.734,-58.845,-58.743,-62.149,-70.076,-80.14,-59.027,-63.97,-57.569,-47.366,-49.981,-77.507,-55.788,-69.565,-57.963,-57.517,-64.49,-72.363,-65.515,-53.34
-54.097,-56.382,-64.9,-50.2,-61.996,-54.755,-60.997,-74.791,-49.817,-65.123,0,-55.909,-51.562,-57.216,-53.604,-50.451,-61.261,-56.314,-63.114,-48.774,-54.127,-53.914,-58.988,-71.124,-59.862,-58.326,-52.447,-61.08,-62.882,-54.77,-60.571,-63.36,-54.529,-76.261,-59.285,-60.604,-50.455,-70.826,-56.64,-58.063,-55.683,-60.908,-57.121,-52.949,-65.194,-58.794,-61.063,-64.083,-65.603,-64.368,-69.49,-57.829,-60.003,-62.234,-64.107,-55.432,-55.954,-65.296,-57.373,-74.648,-54.212,-58.278,-60.062,-48.468,-53.405,-61.604,-60.369,-58.725,-49.664,-55.177,-69.07,-62.523,-66.363,-59.939,-53.471,-63.186,-67.865,-59.956,-57.6,-50.908,-58.763,-65.949,-64.378,-62.529,-58.222,-51.753,-57.048,-47.276,-66.291,-50.843,-77.372,-54.821,-53.673,-67.405,-70.284,-49.029,-61.402,-55.059,-77.471,-56.901,-58.407,-63.459,-51.559,-55.952,-56.598,-56.851,-51.646,-69.954,-55.865,-57.232,-58.971,-58.64,-61.061,-50.957,-64.973,-76.642,-53.723,-58.564,-60.393,-55.338,-66.883,-55.678
-63.043,-61.62,-52.268,-78.52,-49.437,-59.516,-58.361,-63.159,-66.99,-61.019,-55.909,0,-67.318,-59.211,-70.836,-64.221,-59.933,-54.158,-78.251,-61.342,-68.333,-61.02,-51.483,-60.869,-54.665,-63.974,-58.745,-49.563,-69.369,-55.867,-66.723,-73.967,-59.62,-67.769,-64.879,-73.1,-63.554,-57.991,-65.523,-67.768,-60.857,-65.515,-53.097,-54.838,-70.025,-50.078,-58.818,-58.792,-69.917,-64.146,-61.441,-62.252,-51.434,-53.959,-61.44,-56.723,-58.946,-65.794,-56.909,-62.252,-62.524,-53.325,-53.066,-58.963,-56.587,-64.815,-48.646,-58.98,-56.221,-65.383,-61.664,-54.867,-63.963,-66.546,-62.05,-69.819,-56.823,-56.712,-62.779,-73.285,-64.831,-63.748,-55.043,-58.675,-51.16,-54.384,-57.546,-54.3,-63.732,-57.086,-54.843,-52.499,-59.503,-66.074,-61.046,-67.404,-64.816,-61.194,-67.892,-56.286,-65.23,-65.428,-64.383,-57.478,-60.75,-59.993,-62.088,-67.235,-52.949,-60.668,-53.35,-55.222,-52.22,-59.767,-62.837,-58.002,-49.581,-67.989,-50.709,-57.401,-62.315,-51.325
-52.146,-52.465,-62.916,-51.464,-78.057,-63.932,-67.889,-73.869,-48.209,-67.745,-51.562,-67.318,0,-55.336,-66.623,-50.132,-59.914,-61.475,-75.382,-59.295,-50.092,-70.567,-69.551,-55.683,-65.611,-50.677,-56.403,-61.443,-75.321,-53.855,-73.383,-58.452,-65.628,-65.696,-77.74,-66.162,-66.309,-57.538,-75.494,-58.084,-64.961,-68.287,-60.011,-57.323,-73.707,-53.593,-57.056,-74.497,-81.048,-66.601,-57.978,-57.744,-63.824,-62.119,-55.736,-62.687,-64.861,-54.561,-67.372,-61.163,-62.433,-52.6,-51.893,-49.761,-55.808,-75.926,-52.187,-58.929,-49.296,-62.822,-79.328,-68.829,-60.995,-61.358,-60.927,-58.435,-57.273,-50.465,-76.294,-55.525,-77.621,-59.154,-54.201,-68.05,-49.726,-50.084,-60.861,-90.238,-63.013,-56.195,-60.913,-48.25,-51.619,-75.858,-58.79,-65.767,-68.379,-56.099,-61.199,-65.304,-65.163,-54.104,-56.433,-83.068,-65.994,-63.586,-57.802,-69.47,-53.927,-68.725,-58.492,-56.612,-50.53,-56.04,-62.983,-60.077,-55.694,-61.083,-54.891,-55.361,-47.79,-49.691
-57.667,-59.816,-54.03,-54.982,-60.273,-53.646,-60.324,-53.44,-51.005,-69.256,-57.216,-59.211,-55.336,0,-54.942,-57.751,-50.425,-53.134,-54.329,-54.071,-57.556,-51.712,-56.058,-62.009,-53.677,-48.472,-55.88,-58.581,-53.845,-49.127,-54.095,-44.832,-59.625,-78.059,-51.188,-51.782,-51.271,-50.233,-50.589,-55.847,-52.31,-54.99,-47.823,-55.561,-57.213,-58.017,-52.421,-46.93,-48.042,-54.682,-50.313,-45.669,-63.696,-59.997,-58.436,-60.229,-63.453,-53.705,-52.832,-57.624,-49.554,-46.106,-60.008,-51.741,-51.379,-51.253,-55.158,-58.457,-54.316,-56.918,-45.878,-50.596,-54.961,-51.045,-54.779,-47.536,-55.016,-57.317,-55.479,-53.478,-58.329,-54.57,-52.025,-49.851,-53.189,-60.517,-54.239,-49.675,-57.445,-47.119,-55.854,-53.594,-52.093,-46.828,-50.715,-59.531,-58.157,-53.199,-54.992,-50.221,-47.856,-48.718,-51.839,-49.928,-48.5,-47.777,-48.988,-46.43,-49.121,-57.09,-44.93,-59.71,-57.821,-58.362,-52.141,-49.406,-51.961,-53.308,-49.397,-47.199,-55.78,-48.543
-57.372,-64.686,-64.656,-55.349,-58.596,-65.31,-54.541,-68.706,-63.516,-63.468,-53.604,-70.836,-66.623,-54.942,0,-64.405,-62.295,-56.674,-53.265,-55.639,-51.455,-58.513,-53.217,-70.182,-60.138,-43.856,-55.719,-69.168,-56.576,-58.543,-55.947,-54.386,-46.802,-58.016,-51.492,-46.912,-53.38,-43.349,-53.473,-72.623,-51.759,-66.774,-62.455,-68.704,-67.251,-50.135,-63.962,-57.051,-48.538,-61.463,-57.383,-57.514,-54.515,-58.346,-59.88,-57.537,-57.027,-59.619,-53.647,-56.266,-55.17,-46.027,-52.28,-49.724,-47.207,-48.218,-53.071,-55.219,-50.375,-57.215,-51.954,-55.53,-47.721,-52.434,-48.93,-64.566,-56.108,-63.143,-49.415,-54.804,-48.239,-59.521,-54.827,-57.519,-43.706,-62.366,-57.509,-52.953,-66.979,-53.621,-69.689,-59.519,-48.209,-50.702,-51.189,-55.602,-59.441,-53.13,-54.914,-52.942,-51.295,-55.197,-51.026,-45.595,-54.678,-54.401,-50.932,-56.543,-57.154,-59.095,-51.993,-63.267,-54.272,-57.428,-56.377,-59.248,-52.879,-55.454,-57.641,-58.199,-52.716,-59.376
-56.671,-51.451,-51.189,-53.232,-77.254,-58.623,-70.41,-59.651,-53.459,-58.217,-50.451,-64.221,-50.132,-57.751,-64.405,0,-47.41,-61.347,-59.244,-54.807,-64.368,-69.358,-56.258,-49.929,-50.339,-60.241,-56.37,-56.229,-54.885,-47.942,-52.303,-64.488,-53.016,-64.991,-57.272,-79.706,-56.697,-61.482,-64.895,-64.2,-50.576,-65.166,-53.84,-61.356,-56.52,-55.994,-58.37,-59.41,-62.689,-61.249,-58.576,-62.21,-60.51,-61.346,-54.401,-56.571,-54.874,-59.609,-69.717,-63.317,-66.26,-51.208,-52.128,-52.793,-56.947,-69.588,-51.233,-64.571,-63.356,-62.115,-58.777,-61.529,-60.244,-66.679,-60.696,-55.655,-57.861,-62.45,-65.055,-57.535,-74.779,-56.954,-48.837,-59.548,-55.253,-68.924,-69.999,-54.611,-64.073,-58.613,-61.495,-54.925,-61.084,-58.844,-57.834,-51.085,-60.684,-66.788,-65.928,-62.655,-64.807,-66.724,-45.56,-52.071,-57.295,-61.962,-52.975,-55.51,-56.233,-68.968,-58.3,-62.121,-59.218,-60.489,-58.114,-74.376,-68.688,-56.443,-62.45,-53.393,-62.816,-63.57
-56.798,-56.98,-49.722,-58.392,-54.455,-48.83,-55.003,-56.623,-57.91,-56.995,-61.261,-59.933,-59.914,-50.425,-62.295,-47.41,0,-54.745,-57.952,-50.419,-52.744,-59.851,-52.069,-52.699,-53.49,-54.706,-58.187,-51.871,-56.207,-51.059,-53.652,-50.437,-56.959,-66.012,-56.941,-56.233,-52.36,-52.169,-58.46,-53.374,-70.304,-61.161,-50.913,-53.074,-55.692,-53.664,-57.743,-46.464,-50.401,-51.995,-53.799,-55.778,-55.675,-59.99,-57.018,-58.21,-60.639,-53.257,-58.091,-57.266,-51.519,-52.669,-56.486,-60.58,-51.839,-55.448,-53.903,-63.753,-60.541,-58.288,-48.381,-51.65,-58.525,-56.885,-57.47,-60.525,-53.796,-54.893,-68.632,-65.128,-58.455,-58.943,-54.521,-48.735,-51.599,-55.667,-57.15,-62.747,-58.012,-57.788,-54.163,-58.942,-50.233,-49.708,-49.999,-60.318,-62.244,-55.509,-57.874,-51.69,-67.518,-54.783,-56.768,-59.05,-55.798,-53.496,-49.909,-56.678,-49.27,-61.321,-49.575,-60.024,-72.1,-61.409,-53.233,-55.538,-64.639,-53.071,-49.643,-50.232,-58.338,-53.115
-59.193,-67.943,-55.202,-80.774,-64.379,-60.959,-68.359,-82.76,-66.78,-75.699,-56.314,-54.158,-61.475,-53.134,-56.674,-61.347,-54.745,0,-69.807,-58.542,-49.974,-75.481,-63.471,-67.484,-63.424,-56.379,-58.389,-48.233,-65.443,-53.774,-77.014,-64.367,-60.29,-58.78,-75.715,-61.694,-65.437,-59.551,-65.626,-57.818,-54.358,-62.874,-64.778,-70.709,-57.462,-67.93,-65.523,-64.937,-77.899,-70.944,-55.636,-51.741,-62.213,-64.119,-51.497,-72.131,-61.811,-47.428,-61.359,-65.663,-55.751,-54.014,-52.709,-52.899,-61.781,-72.009,-70.85,-69.034,-53.562,-60.523,-68.52,-72.139,-62.332,-55.925,-59.09,-50.81,-56.324,-60.174,-55.844,-68.879,-71.313,-63.197,-76.322,-50.9,-64.334,-59.313,-66.013,-55.813,-68.906,-67.836,-53.576,-50.385,-64.379,-84.202,-74.471,-70.467,-64.979,-56.92,-64.751,-62.136,-64.265,-63.884,-67.309,-69.289,-67.627,-56.728,-67.057,-55.616,-56.946,-63.309,-56.751,-56.105,-49.829,-63.623,-59.304,-77.432,-52.117,-61.799,-53.452,-57.264,-51.615,-58.351
-61.512,-49.313,-89.694,-64.216,-82.287,-56.478,-57.879,-58.888,-70.326,-57.332,-63.114,-78.251,-75.382,-54.329,-53.265,-59.244,-57.952,-69.807,0,-58.985,-58.835,-53.968,-57.634,-65.554,-49.861,-49.035,-56.357,-61.305,-56.45,-59.478,-71.791,-53.186,-71.42,-62.101,-51.458,-62.196,-54.115,-62.145,-63.615,-68.773,-61.474,-59.018,-56.204,-64.782,-59.918,-61.884,-83.798,-56.79,-60.792,-50.127,-63.033,-67.384,-54.705,-50.746,-56.267,-63.01,-60.785,-66.6,-66.413,-58.67,-74.441,-74.448,-69.755,-57.929,-58.643,-54.489,-55.613,-51.829,-52.157,-60.737,-71.161,-69.196,-64.178,-63.383,-50.113,-65.731,-50.688,-66.203,-58.956,-57.155,-59.75,-58.956,-59.388,-80.524,-61.011,-53.834,-66.405,-46.625,-60.47,-76.122,-66.069,-59.346,-49.674,-77.29,-55.765,-58.912,-55.351,-55.372,-70.881,-61.987,-66.848,-60.994,-59.851,-56.34,-59.012,-66.889,-58.26,-60.103,-68.719,-61.563,-75.308,-58.266,-63.484,-59.669,-65.48,-66.785,-58.154,-64.146,-55.547,-75.661,-57.984,-63.165
-56.819,-56.203,-58.182,-52.484,-69.941,-58.964,-70.999,-81.257,-54.688,-59.88,-48.774,-61.342,-59.295,-54.071,-55.639,-54.807,-50.419,-58.542,-58.985,0,-69.962,-60.061,-64.447,-70.865,-49.668,-59.949,-50.158,-69.617,-69.168,-52.156,-72.118,-55.401,-62.666,-69.293,-72.079,-62.877,-51.398,-53.853,-60.17,-53.36,-57.89,-60.668,-68.72,-45.451,-62.236,-60.558,-63.007,-58.069,-63.694,-60.942,-65.619,-66.412,-58.165,-72.528,-63.238,-67.808,-64.746,-66.304,-58.159,-65.492,-63.217,-50.582,-58.64,-59.231,-56.509,-69.596,-55.845,-61.982,-61.687,-55.293,-76.765,-69.483,-53.397,-57.649,-53.166,-72.261,-60.749,-71,-66.463,-65.663,-57.454,-61.199,-59.67,-50.789,-72.537,-68.152,-60.663,-68.748,-56.353,-59.468,-66.85,-59.483,-59.06,-60.107,-59.142,-64.111,-61.668,-58.219,-76.538,-50.276,-70.086,-59.687,-56.862,-60.258,-50.607,-49.721,-66.762,-57.17,-53.025,-67.255,-58.375,-64.308,-68.154,-57.928,-52.467,-61.125,-56.851,-56.538,-53.715,-54.511,-55.343,-50.986
-53.166,-55.422,-55.913,-49.722,-81.688,-60.431,-83.319,-69.254,-56.969,-70.401,-54.127,-68.333,-50.092,-57.556,-51.455,-64.368,-52.744,-49.974,-58.835,-69.962,0,-64.125,-63.84,-71.112,-50.589,-51.919,-60.925,-72.562,-69.222,-55.652,-71.158,-58.642,-65.825,-70.927,-73.946,-77.777,-62.83,-57.705,-60.355,-56.898,-55.529,-57.156,-56.902,-55.339,-63.13,-58.501,-55.756,-64.135,-78.071,-51.483,-55.672,-60.325,-65.023,-62.849,-54.443,-62.531,-58.652,-54.087,-59.279,-77.507,-55.324,-57.044,-58.855,-59.207,-52.162,-73.296,-53.541,-65.51,-52.626,-60.865,-67.58,-83.777,-57.686,-74.991,-54.771,-58.442,-61.942,-53.6,-74.226,-58.945,-61.782,-57.138,-57.43,-52.687,-48.02,-56.005,-64.913,-78.75,-59.84,-64.478,-61.362,-61.186,-51.992,-76.957,-65.138,-64.785,-69.23,-60.879,-64.558,-52.441,-68.251,-56.587,-72.958,-72.324,-61.41,-59.917,-69.103,-72.109,-55.166,-72.774,-62.45,-57.642,-51.312,-77.349,-57.311,-65.4,-63.375,-58.149,-50.21,-56.364,-51.696,-52.124
-71.715,-59.594,-71.045,-58.857,-70.668,-63.382,-72.24,-54.278,-76.288,-57.104,-53.914,-61.02,-70.567,-51.712,-58.513,-69.358,-59.851,-75.481,-53.968,-60.061,-64.125,0,-70.209,-81.571,-49.644,-47.618,-72.261,-74.563,-78.858,-55.009,-64.745,-50.2,-61.836,-68.643,-49.414,-50.649,-49.242,-56.545,-69.394,-75.6,-65.419,-59.64,-51.896,-60.068,-50.801,-69.578,-53.428,-58.5,-55.449,-54.728,-50.362,-54.64,-57.16,-57.894,-63.314,-61.147,-54.219,-55.012,-53.393,-59.812,-56.651,-72.54,-66.855,-51.803,-60.651,-47.4,-58.714,-56.906,-68.752,-47.986,-71.173,-84.285,-60.221,-62.324,-58.195,-65.41,-61.844,-60.052,-52.077,-54.736,-77.426,-49.47,-65.148,-63.156,-60.702,-57.299,-55.175,-50.917,-61.981,-58.093,-69.161,-58.009,-46.46,-66.374,-57.763,-50.541,-66.82,-60.049,-56.266,-55.317,-62.146,-56.115,-52.437,-56.9,-55.662,-57.651,-70.751,-60.112,-63.39,-68.118,-52.33,-58.928,-62.998,-55.191,-55.481,-64.987,-60.606,-60.731,-58.671,-64.83,-56.74,-59.551
-56.224,-71.958,-53.138,-79.647,-63.401,-64.566,-64.023,-72.481,-58.59,-61.573,-58.988,-51.483,-69.551,-56.058,-53.217,-56.258,-52.069,-63.471,-57.634,-64.447,-63.84,-70.209,0,-51.408,-68.623,-56.02,-52.875,-51.912,-63.64,-58.397,-57.614,-62.171,-68.663,-68.269,-77.994,-79.631,-79.175,-54.838,-74.376,-64.226,-64.09,-63.423,-63.993,-52.051,-61.661,-56.11,-70.81,-62.692,-67.349,-72.514,-54.994,-58.117,-63.058,-61.193,-58.271,-66.914,-55.763,-55.007,-60.859,-63.178,-58.923,-64.707,-64.83,-97.652,-58.596,-72.088,-61.218,-91.455,-68.207,-64.37,-65.466,-66.476,-55.171,-69.414,-71.084,-54.637,-69.421,-51.379,-49.725,-62.38,-68.698,-71.301,-64.485,-48.063,-51.443,-54.381,-63.191,-53.833,-62.065,-61.593,-50.012,-51.929,-58.928,-78.825,-64.37,-55.096,-72.223,-58.225,-77.726,-44.63,-67.024,-61.724,-59.267,-60.479,-59.939,-59.927,-72.131,-68.937,-57.85,-85.088,-58.015,-52.616,-54.635,-67.907,-50.564,-65.805,-54.493,-52.845,-51.209,-51.918,-52.277,-47.586
-73.452,-54.414,-56.191,-75.406,-72.162,-58.489,-59.567,-68.694,-62.975,-63.044,-71.124,-60.869,-55.683,-62.009,-70.182,-49.929,-52.699,-67.484,-65.554,-70.865,-71.112,-81.571,-51.408,0,-55.963,-59.179,-59.875,-70.05,-70.194,-52.709,-54.57,-57.854,-52.25,-69.229,-67.17,-70.659,-64.066,-61.743,-67.804,-53.389,-50.583,-65.693,-58.603,-63.546,-69.294,-64.313,-55.62,-57.02,-75.825,-69.226,-66.923,-61.825,-57.4,-65.096,-56.943,-56.199,-65.988,-60.542,-64.602,-56.268,-59.81,-52.901,-56.331,-57.066,-59.883,-67.123,-47.686,-59.01,-56.602,-52.76,-57.023,-65.696,-54.897,-63.616,-57.056,-58.637,-77.675,-59.941,-61.684,-56.109,-68.188,-57.394,-55.389,-55.196,-54.477,-53.527,-63.082,-51.667,-54.138,-59.543,-61.88,-60.991,-65.342,-67.368,-53.121,-62.46,-78.865,-73.674,-54.883,-50.332,-63.683,-64.638,-53.121,-58.118,-58.264,-59.189,-60.952,-61.051,-53.651,-74.35,-60.34,-62.596,-58.814,-75.501,-59.221,-74.923,-59.84,-55.794,-63.617,-49.764,-57.496,-53.053
-66.996,-54.012,-63.808,-57.729,-65.658,-55.671,-56.403,-57.884,-63.374,-55.69,-59.862,-54.665,-65.611,-53.677,-60.138,-50.339,-53.49,-63.424,-49.861,-49.668,-50.589,-49.644,-68.623,-55.963,0,-49.949,-57.623,-58.073,-68.241,-55.056,-64.345,-50.063,-58.37,-63.357,-55.162,-58.679,-50.794,-53.885,-53.407,-52.919,-48.706,-64.008,-58.409,-68.083,-56.777,-51.824,-50.973,-53.695,-50.076,-55.557,-52.899,-68.032,-56.238,-47.865,-55.884,-57.556,-53.229,-62.665,-48.992,-67.714,-63.383,-53.764,-60.035,-56.846,-53.449,-48.048,-62.016,-52.234,-55.298,-57.847,-56.813,-70.069,-66.023,-56.589,-51.351,-66.2,-57.233,-61.782,-57.077,-53.241,-56.948,-52.984,-56.269,-59.546,-61.08,-51.959,-57.7,-43.967,-53.542,-54.779,-64.371,-53.499,-51.717,-72.473,-58.787,-49.269,-56.874,-57.408,-57.395,-54.888,-56.465,-64.016,-54.524,-65.524,-52.229,-65.06,-60.419,-60.971,-72.96,-59.441,-55.184,-61.96,-61.531,-52.746,-53.104,-63.134,-59.507,-60.88,-57.546,-78.228,-74.722,-60.859
-56.146,-63.745,-67.895,-57.602,-74.148,-52.357,-64.774,-68.357,-50.493,-70.451,-58.326,-63.974,-50.677,-48.472,-43.856,-60.241,-54.706,-56.379,-49.035,-59.949,-51.919,-47.618,-56.02,-59.179,-49.949,0,-53.908,-60.562,-69.469,-65.219,-64.661,-54.277,-63.751,-65.356,-58.847,-49.512,-52.145,-50.713,-58.785,-57.346,-51.551,-53.857,-70.348,-58.326,-48.346,-56.108,-50.243,-55.363,-53.796,-46.292,-54.279,-62.583,-59.784,-45.102,-56.017,-55.586,-77.87,-61.251,-49.549,-58.984,-67.113,-64.9,-53.284,-47.801,-50.365,-49.795,-50.441,-60.16,-50.433,-52.137,-60.294,-76.3,-57.391,-52.853,-48.923,-65.493,-63.569,-64.635,-56.16,-74.029,-63.409,-50.12,-62.909,-65.516,-60.503,-51.887,-60.077,-45.9,-52.833,-59.844,-64.166,-63.676,-52.819,-85.891,-62.332,-50.672,-48.198,-54.141,-58.255,-54.603,-63.012,-65.206,-65.047,-54.794,-63.139,-62.656,-59.886,-62.581,-79.383,-50.898,-61.3,-53.184,-62.907,-53.604,-62.854,-60.186,-58.092,-60.669,-59.042,-62.765,-59.08,-55.791
-56.441,-62.314,-45.464,-67.932,-54.386,-51.339,-48.123,-71.551,-53.343,-52.44,-52.447,-58.745,-56.403,-55.88,-55.719,-56.37,-58.187,-58.389,-56.357,-50.158,-60.925,-72.261,-52.875,-59.875,-57.623,-53.908,0,-54.399,-52.702,-50.046,-54.529,-66.241,-51.895,-63.125,-54.727,-55.265,-50.737,-57.528,-58.072,-55.084,-59.766,-58.952,-51.564,-51.054,-58.433,-54.328,-55.133,-59.633,-59.314,-59.093,-55.565,-53.158,-58.382,-55.286,-59.182,-56.4,-51.218,-59.412,-63.716,-55.054,-56.815,-52.814,-58.778,-52.588,-51.692,-63.248,-58.523,-54.36,-53.226,-55.759,-60.623,-55.992,-56.635,-60.636,-51.413,-68.759,-51.5,-75.308,-57.316,-54.87,-51.336,-62.818,-50.533,-53.739,-45.126,-58.587,-59.299,-60.489,-69.805,-53.963,-64.771,-46.689,-59.084,-60.885,-52.732,-50.244,-68.495,-61.542,-58.851,-55.969,-50.275,-55.597,-52.99,-59.025,-51.155,-49.294,-49.525,-52.989,-47.389,-62.201,-55.836,-64.274,-78.7,-60.628,-53.872,-52.132,-48.322,-52.486,-47.657,-54.263,-67.959,-49.528
-57.652,-64.471,-50.951,-67.189,-53.166,-61.814,-54.433,-60.754,-60.664,-52.956,-61.08,-49.563,-61.443,-58.581,-69.168,-56.229,-51.871,-48.233,-61.305,-69.617,-72.562,-74.563,-51.912,-70.05,-58.073,-60.562,-54.399,0,-52.454,-56.893,-62.074,-60.328,-55.079,-63.437,-68.787,-69.263,-60.696,-61.934,-64.475,-63.776,-65.606,-59.772,-59.686,-63.65,-67.945,-52.216,-61.378,-59.498,-81.89,-66.791,-61.457,-54.614,-58.729,-59.734,-54.812,-58.664,-60.356,-58.376,-73.035,-62.53,-65.338,-62.102,-55.096,-69.811,-59.5,-66.343,-68.827,-60.878,-73.893,-65.022,-76.53,-63.503,-64.969,-63.087,-62.194,-57.162,-60.066,-62.64,-60.425,-58.394,-54.047,-59.972,-65.943,-57.727,-56.7,-59.314,-67.069,-64.651,-67.424,-70.549,-65.86,-51.536,-67.683,-68.183,-57.145,-69.578,-62.182,-64.42,-64.925,-60.832,-65.005,-70.358,-69.119,-59.31,-71.707,-65.089,-69.545,-54.158,-62.518,-67.696,-61.031,-55.527,-60.29,-63.689,-65.062,-69.415,-66.417,-64.158,-61.998,-61.384,-51.082,-55.452
-63.168,-69.808,-64.101,-78.064,-67.965,-58.268,-51.754,-61.42,-69.39,-51.467,-62.882,-69.369,-75.321,-53.845,-56.576,-54.885,-56.207,-65.443,-56.45,-69.168,-69.222,-78.858,-63.64,-70.194,-68.241,-69.469,-52.702,-52.454,0,-56.695,-58.954,-65.314,-51.046,-60.181,-59.462,-59.613,-60.125,-61.147,-51.809,-58.726,-61.192,-67.241,-57.711,-55.846,-57.098,-52.561,-72.307,-58.642,-60.888,-68.998,-63.004,-57.785,-54.324,-60.089,-52.573,-51.553,-81.339,-61.127,-74.674,-56.453,-63.983,-53.818,-71.528,-53.941,-57.126,-63.697,-77.825,-46.663,-66.439,-66.461,-62.068,-72.12,-66.057,-57.291,-57.873,-54.996,-46.852,-80.976,-62.432,-60.785,-56.548,-62.83,-58.638,-53.518,-63.998,-52.086,-68.609,-60.222,-64.252,-55.789,-65.857,-93.357,-70.681,-72.005,-54.873,-53.309,-59.937,-63.525,-81.027,-53.692,-59.838,-67.308,-57.547,-63.141,-64.053,-57.714,-60.208,-60.774,-57.786,-62.573,-57.451,-60.562,-59.83,-66.831,-58.369,-57.946,-68.438,-56.68,-56.882,-71.99,-55.437,-68.353
-50.89,-50.573,-56.933,-48.204,-64.709,-55.051,-52.393,-56.454,-58.6,-51.036,-54.77,-55.867,-53.855,-49.127,-58.543,-47.942,-51.059,-53.774,-59.478,-52.156,-55.652,-55.009,-58.397,-52.709,-55.056,-65.219,-50.046,-56.893,-56.695,0,-61.355,-54.099,-44.574,-59.144,-50.745,-56.001,-48.039,-54.604,-65.606,-50.736,-55.694,-61.751,-46.18,-57.074,-49.295,-57.345,-57.094,-56.802,-56.211,-53.944,-52.143,-59.567,-70.247,-56.34,-58.322,-56.598,-60.704,-63.983,-50.774,-75.126,-61.354,-53.04,-55.296,-51.307,-49.221,-71.923,-47.797,-52.842,-51.396,-61.71,-55.164,-51.274,-57.061,-63.726,-50.343,-81.8,-57.77,-64.75,-56.639,-50.551,-59.583,-52.173,-53.41,-57.723,-42.839,-54.121,-55.994,-52.856,-72.807,-61.263,-61.655,-49.957,-55.883,-58.451,-63.369,-52.516,-65.968,-54.221,-60.177,-53.504,-55.145,-66.841,-52.517,-46.777,-52.066,-58.48,-53.809,-63.955,-70.297,-53.744,-59.433,-69.159,-62.564,-65.666,-56.256,-73.466,-60.653,-55.177,-76.696,-73.313,-79.572,-62.035
-70.471,-58.16,-65.434,-65.28,-71.304,-51.896,-69.532,-56.841,-54.27,-60.815,-60.571,-66.723,-73.383,-54.095,-55.947,-52.303,-53.652,-77.014,-71.791,-72.118,-71.158,-64.745,-57.614,-54.57,-64.345,-64.661,-54.529,-62.074,-58.954,-61.355,0,-57.275,-55.945,-71.469,-54.182,-61.327,-59.26,-61.977,-59.232,-70.301,-54.797,-66.886,-67.676,-66.545,-60.298,-71.732,-59.233,-54.191,-56.217,-85.769,-54.991,-56.592,-50.358,-76.905,-57.849,-52.607,-63.677,-65.039,-59.76,-59.809,-55.469,-71.472,-61.028,-62.096,-65.515,-59.606,-64.072,-52.356,-74.446,-63.147,-56.114,-56.429,-62.414,-59.325,-61.205,-50.109,-64.527,-63.476,-44.046,-60.524,-60.016,-55.494,-64.802,-59.111,-79.444,-66.869,-59.203,-48.286,-55.432,-81.22,-59.31,-95.174,-71.905,-61.186,-50.134,-69.35,-72.663,-59.382,-54.47,-49.949,-61.615,-63.053,-63.946,-58.814,-54.025,-54.781,-62.421,-60.582,-55.551,-67.83,-67.062,-64.331,-53.171,-68.667,-52.189,-54.506,-63.797,-52.654,-55.576,-48.573,-54.565,-51.073
-59.324,-56.637,-61.482,-66.065,-60.333,-64.635,-65.988,-61.139,-63.411,-58.432,-63.36,-73.967,-58.452,-44.832,-54.386,-64.488,-50.437,-64.367,-53.186,-55.401,-58.642,-50.2,-62.171,-57.854,-50.063,-54.277,-66.241,-60.328,-65.314,-54.099,-57.275,0,-59.533,-50.911,-50.707,-49.835,-47.845,-48.503,-51.89,-57.229,-66.876,-56.714,-48.865,-51.404,-51.398,-49.074,-52.93,-52.144,-47.294,-64.852,-49.74,-57.071,-61.459,-62.759,-55.001,-55.883,-61.53,-54.889,-49.639,-56.627,-77.576,-68.966,-62.773,-53.876,-48.803,-48.554,-62.032,-50.885,-65.36,-56.399,-63.129,-70.13,-58.053,-62.768,-60.88,-69.469,-56.237,-64.829,-55.473,-59.961,-63.162,-52.646,-62.808,-59.757,-63.066,-50.664,-61.748,-53.719,-73.278,-57.656,-63.232,-54.539,-54.382,-77.006,-50.248,-52.144,-66.546,-67.752,-50.566,-56.301,-56.564,-68.622,-53.283,-52.915,-66.259,-57.646,-56.884,-60.756,-60.819,-60.668,-56.214,-58.06,-58.567,-62.031,-57.929,-58.575,-56.51,-56.291,-55.853,-63.715,-58.297,-58.662
-63.669,-63.302,-56.649,-75.423,-75.424,-53.677,-55.811,-52.457,-55.044,-52.203,-54.529,-59.62,-65.628,-59.625,-46.802,-53.016,-56.959,-60.29,-71.42,-62.666,-65.825,-61.836,-68.663,-52.25,-58.37,-63.751,-51.895,-55.079,-51.046,-44.574,-55.945,-59.533,0,-60.128,-57.869,-59.848,-51.648,-61.848,-71,-54.913,-68.019,-62.583,-57.26,-57.205,-50.328,-56.604,-59.053,-54.934,-57.834,-64.481,-57.405,-59.429,-51.811,-56.127,-59.816,-67.987,-54.211,-63.17,-56.715,-68.344,-59.57,-56.392,-63.073,-60.982,-61.286,-66.216,-66.476,-53.024,-59.906,-64.453,-56.732,-60.249,-69.47,-62.908,-56.199,-61.323,-73.802,-63.441,-54.973,-59.701,-52.543,-60.92,-79.157,-50.582,-65.617,-50.981,-62.363,-49.623,-60.368,-58.121,-65.895,-65.142,-69.625,-59.921,-58.572,-54.38,-67.864,-58.684,-58.575,-49.762,-73.218,-65.351,-72.759,-52.282,-54.045,-57.874,-78.289,-85.22,-65.957,-72.987,-68.377,-59.17,-52.951,-73.393,-58.162,-57.669,-82.51,-55.849,-52.938,-68.852,-72.501,-51.06
-67.721,-60.224,-81.913,-63.161,-83.115,-69.458,-57.283,-52.479,-58.38,-55.079,-76.261,-67.769,-65.696,-78.059,-58.016,-64.991,-66.012,-58.78,-62.101,-69.293,-70.927,-68.643,-68.269,-69.229,-63.357,-65.356,-63.125,-63.437,-60.181,-59.144,-71.469,-50.911,-60.128,0,-68.583,-47.35,-59.69,-50.821,-49.534,-53.756,-58.49,-56.963,-62.935,-58.076,-60.522,-64.656,-61.633,-50.374,-55.977,-62.214,-64.295,-69.059,-57.516,-51.333,-56.114,-51.164,-65.246,-54.352,-54.023,-56.943,-60.868,-51.191,-55.786,-54.857,-60.284,-58.468,-69.769,-47.652,-67.151,-57.037,-71,-60.422,-72.504,-59.209,-57.869,-55.353,-51.817,-52.112,-51.714,-50.786,-78.178,-59.338,-47.498,-58.78,-63.186,-53.787,-58.583,-48.485,-64.717,-44.33,-53.515,-58.272,-66.942,-63.968,-52.469,-55.145,-80.468,-49.199,-56.089,-52.859,-73.874,-59.542,-54.311,-58.048,-60.554,-71.354,-53.744,-54.335,-66.509,-67.438,-46.156,-74.967,-65.331,-58.238,-53.258,-51.137,-60.194,-61.205,-52.479,-52.367,-65.998,-54.855
-73.099,-65.931,-64.324,-75.026,-71.63,-59.439,-62.552,-51.95,-61.706,-56.249,-59.285,-64.879,-77.74,-51.188,-51.492,-57.272,-56.941,-75.715,-51.458,-72.079,-73.946,-49.414,-77.994,-67.17,-55.162,-58.847,-54.727,-68.787,-59.462,-50.745,-54.182,-50.707,-57.869,-68.583,0,-50.848,-47.268,-65.187,-52.108,-58.09,-52.319,-67.756,-54.837,-62.695,-48.185,-65.101,-61.182,-51.369,-54.887,-67.518,-45.138,-53.14,-59.827,-67.436,-57.073,-55.54,-63.584,-60.949,-67.528,-60.376,-64.974,-59.833,-73.001,-67.03,-57.436,-63.634,-70.888,-53.14,-63.413,-60.034,-53.288,-59.281,-68.167,-62.778,-59.784,-59.97,-75.55,-62.363,-54.656,-68.695,-74.877,-50.03,-77.227,-61.657,-67.159,-52.284,-61.543,-52.402,-64.126,-56.895,-59.116,-68.76,-61.874,-71.041,-64.597,-61.751,-63.493,-62.798,-57.589,-53.176,-65.504,-58.197,-53.138,-59.189,-66.756,-50.655,-62.417,-64.04,-54.88,-59.357,-55.84,-62.191,-50.59,-67.433,-56.192,-53.511,-60.52,-60.799,-70.648,-63.195,-68.366,-55.345
-61.322,-61.007,-59.387,-62.657,-68.638,-53.466,-77.561,-59.313,-53.006,-66.292,-60.604,-73.1,-66.162,-51.782,-46.912,-79.706,-56.233,-61.694,-62.196,-62.877,-77.777,-50.649,-79.631,-70.659,-58.679,-49.512,-55.265,-69.263,-59.613,-56.001,-61.327,-49.835,-59.848,-47.35,-50.848,0,-48.195,-61.735,-51.002,-53.773,-48.609,-57.253,-49.984,-55.077,-49.532,-52.183,-53.273,-50.495,-50.648,-53.273,-51.267,-49.861,-55.289,-59.129,-52.626,-53.243,-64.26,-56.487,-52.935,-61.162,-65.122,-57.432,-67.616,-46.405,-54.11,-67.694,-56.493,-58.477,-59.516,-53.285,-55.922,-85.303,-53.145,-59.05,-58.387,-71.202,-63.499,-79.034,-52.893,-60.002,-64.615,-49.161,-57.176,-57.364,-57.039,-51.797,-64.837,-47.197,-62.488,-54.874,-58.831,-59.14,-55.824,-79.867,-57.994,-52.874,-52.58,-63.025,-52.335,-60.572,-52.742,-57.956,-51.227,-69.388,-61.205,-54.681,-57.14,-64.076,-61.63,-52.74,-58.107,-52.455,-60.035,-59.265,-61.095,-59.11,-59.7,-57.867,-61.93,-59.004,-56.774,-55.677
-60.74,-61.49,-75.863,-52.482,-63.953,-51.892,-56.757,-59.752,-60.613,-51.261,-50.455,-63.554,-66.309,-51.271,-53.38,-56.697,-52.36,-65.437,-54.115,-51.398,-62.83,-49.242,-79.175,-64.066,-50.794,-52.145,-50.737,-60.696,-60.125,-48.039,-59.26,-47.845,-51.648,-59.69,-47.268,-48.195,0,-60.179,-61.891,-50.434,-54.987,-69.181,-48.258,-60.627,-48.326,-58.18,-57.311,-56.211,-53.785,-56.661,-54.56,-48.796,-60.978,-63.295,-52.437,-49.702,-54.606,-64.584,-51.942,-55.948,-55.115,-62.332,-70.846,-53.444,-58.264,-54.68,-56.282,-53.286,-62.32,-53.942,-53.652,-63.482,-62.066,-64.108,-49.889,-77.178,-56.588,-76.621,-52.017,-52.13,-69.54,-51.87,-50.143,-55.434,-57.377,-53.712,-61.009,-60.506,-70.51,-58.957,-64.556,-59.811,-51.269,-82.873,-57.267,-52.845,-64.851,-63.999,-63.746,-50.912,-59.185,-69.05,-46.556,-55.61,-55.209,-56.846,-53.872,-62.773,-61.292,-56.631,-48.583,-72.234,-61.537,-61.795,-55.742,-60.085,-50.873,-59.068,-78.558,-65.615,-62.118,-59.503
-59.891,-56.488,-60.328,-62.144,-57.251,-50.863,-55.81,-61.974,-52.513,-61.421,-70.826,-57.991,-57.538,-50.233,-43.349,-61.482,-52.169,-59.551,-62.145,-53.853,-57.705,-56.545,-54.838,-61.743,-53.885,-50.713,-57.528,-61.934,-61.147,-54.604,-61.977,-48.503,-61.848,-50.821,-65.187,-61.735,-60.179,0,-60.082,-52.967,-63.555,-49.665,-67.461,-59.354,-58.415,-52.574,-52.65,-49.529,-64.018,-47.635,-63.287,-47.746,-48.912,-49.213,-56.477,-57.906,-74.705,-57.961,-50.95,-72.399,-62.856,-54.112,-59.349,-56.8,-50.163,-49.665,-49.907,-51.259,-56.416,-48.251,-55.004,-60.878,-63.939,-58.396,-52.542,-65.864,-56.062,-63.886,-60.746,-56.099,-56.036,-51.179,-54.944,-76.218,-62.179,-49.574,-63.204,-47.825,-52.486,-54.443,-63.997,-58.171,-51.623,-80.495,-70.376,-52.858,-48.896,-63.666,-53.889,-58.72,-55.658,-58.026,-54.837,-55.349,-59.462,-58.399,-56.377,-60.447,-64.959,-66.419,-61.051,-46.257,-50.429,-57.284,-57.338,-62.481,-66.379,-57.893,-56.145,-56.302,-59.468,-56.326
-63.481,-70.796,-70.709,-77.312,-75.409,-62.046,-57.898,-65.225,-60.135,-67.253,-56.64,-65.523,-75.494,-50.589,-53.473,-64.895,-58.46,-65.626,-63.615,-60.17,-60.355,-69.394,-74.376,-67.804,-53.407,-58.785,-58.072,-64.475,-51.809,-65.606,-59.232,-51.89,-71,-49.534,-52.108,-51.002,-61.891,-60.082,0,-56.416,-67.34,-75.889,-61.76,-70.734,-58.175,-50.311,-70.894,-52.321,-48.205,-58.275,-56.655,-57.518,-55.91,-54.804,-58.893,-59.654,-83.429,-58.895,-60.767,-69.572,-59.729,-53.453,-66.701,-51.898,-55.544,-52.218,-60.097,-56.313,-66.286,-64.855,-63.772,-60.563,-68.075,-60.955,-64.568,-56.513,-52.35,-64.116,-71.668,-58.067,-70.564,-51.928,-52.376,-56.917,-63.992,-59.817,-64.101,-71.687,-60.683,-49.126,-51.755,-70.601,-76.338,-75.51,-50.904,-56.429,-58.802,-68.501,-54.841,-65.404,-49.852,-74.102,-47.86,-70.561,-65.088,-60.404,-58.858,-62.903,-70.699,-62.918,-57.626,-61.299,-58.898,-72.737,-64.394,-62.2,-70.074,-64.221,-67.645,-67.915,-67.349,-63.255
-51.001,-59.585,-55.787,-47.683,-72.384,-64.261,-60.152,-68.998,-56.261,-58.729,-58.063,-67.768,-58.084,-55.847,-72.623,-64.2,-53.374,-57.818,-68.773,-53.36,-56.898,-75.6,-64.226,-53.389,-52.919,-57.346,-55.084,-63.776,-58.726,-50.736,-70.301,-57.229,-54.913,-53.756,-58.09,-53.773,-50.434,-52.967,-56.416,0,-51.779,-50.755,-49.154,-47.051,-59.877,-48.388,-51.377,-79.1,-47.065,-49.954,-57.57,-51.081,-51.877,-69.337,-56.667,-64.527,-67.352,-56.676,-51.925,-60.883,-54.086,-47.669,-51.444,-51.786,-58.218,-57.993,-54.467,-59.488,-53.131,-54.831,-66.522,-53.856,-55.996,-60.071,-52.943,-64.998,-64.189,-66.44,-60.931,-49.528,-65.859,-55.468,-46.992,-56.845,-61.205,-70.553,-58.4,-59.255,-61.072,-53.806,-54.94,-56.875,-58.92,-50.128,-58.67,-56.438,-64.551,-65.052,-55.422,-47.118,-57.744,-58.361,-47.349,-46.553,-46.141,-47.254,-53.034,-58.661,-51.326,-66.41,-47.602,-64.945,-65.063,-61.798,-53.336,-57.734,-52.648,-52.809,-55.571,-53.783,-54.834,-51.03
-51.184,-57.71,-63.653,-51.263,-68.199,-58.083,-56.212,-66.791,-52.025,-59.032,-55.683,-60.857,-64.961,-52.31,-51.759,-50.576,-70.304,-54.358,-61.474,-57.89,-55.529,-65.419,-64.09,-50.583,-48.706,-51.551,-59.766,-65.606,-61.192,-55.694,-54.797,-66.876,-68.019,-58.49,-52.319,-48.609,-54.987,-63.555,-67.34,-51.779,0,-61.58,-50.275,-59.629,-57.469,-52.865,-50.876,-70.337,-50.47,-52.88,-58.663,-51.013,-50.375,-50.142,-49.836,-49.344,-77.582,-59.873,-49.573,-61.549,-56.339,-49.264,-57.228,-49.175,-51.191,-67.704,-71.825,-48.134,-54.49,-58.211,-52.211,-63.977,-65.246,-57.144,-52.371,-68.835,-50.292,-63.568,-55.47,-54.422,-57.798,-57.175,-46.693,-53.949,-69.473,-53.261,-56.813,-49.061,-82.053,-53.922,-53.254,-62.323,-65.082,-82.903,-50.786,-48.885,-63.153,-63.669,-53.519,-54.25,-67.325,-70.279,-53.567,-49.496,-48.315,-67.184,-57.839,-58.905,-58.063,-61.17,-49.473,-65.11,-56.19,-62.746,-57.557,-60.5,-56.941,-52.083,-57.575,-59.804,-62.279,-56.216
